m.z	class	FattyAcid	nfur.D1m.1	nfur.D1m.2	nfur.D1m.3	nfur.D1m.4	nfur.NonD.2	nfur.NonD.3	nfur.NonD.4	pvalue	padj	FC
679.4583	PG	(15:0/14:0)	0.00782902431134365	0.00931271624541413	0.0142113689445222	0.0133243491524278	0.00253620878098634	0.00244366959709797	0.0022991267626916	0.0107645214845053	0.0164521587227723	2.20269643696883
865.5047	PG	(22:6/22:6)	0.00399570917398018	0.00426754052453618	0.00590068590860595	0.00423917374356292	0.00454073048844719	0.00459060450071898	0.00463827465937768	0.981704449063045	0.983987482665517	0.00342438089350849
867.5178	PG	(22:5/22:6)	0.000438165384850113	0.000490356409605814	0.00100692884086542	0.000484153664799497	0.000815013805274168	0.000901597927922248	0.000952307644359524	0.122033587983078	0.145294133758857	-0.556522094872636
791.5844	PG	(18:0/19:0)	0.459873952984089	0.482506399667077	0.519209056526197	0.422726937173784	0.121572449129661	0.126616377977811	0.131644940596361	0.000359286830615952	0.00151150353516796	1.89556361753449
775.5514	PG	(18:0/18:1)	0.00977608240486075	0.00974570567860397	0.00959794782237954	0.0100947517933563	0.0094325165759714	0.0115273937124324	0.0112882392947673	0.288135050571728	0.313601532314179	-0.132867126469044
867.543	PI	(16:0e/22:6)	0.0103677480412354	0.0100156760287462	0.0115759715504738	0.00989600384354834	0.0244463617346935	0.0202075471794445	0.0219278663464967	0.00653700730360237	0.0110056646400493	-1.08475109015701
881.5194	PI	(16:0/22:6)	0.0280123657126303	0.0306979669239583	0.0196053149080667	0.0315058274540054	0.173376671908287	0.175641122927269	0.188495838186386	4.7804051099539e-05	0.000490560619616698	-2.70617865250642
885.549	PI	(18:0/20:4)	0.656715223471664	0.710615106297529	0.783798637272303	0.701451818149459	0.281229464743996	0.296513063712951	0.309326715644327	0.000236174417752137	0.00125668116112557	1.27011161503199
861.5501	PI	(18:1/18:1)	0.00922057376061422	0.0110835907669938	0.00837289145331301	0.0136295134168023	0.0285958514901407	0.0229630508917989	0.0262109201393839	0.00176403426915351	0.00409989211579611	-1.29336624211689
955.5359	PI	(22:5/22:6)	3.89480094463937e-05	6.57417604081068e-05	3.63724133902309e-05	0.000149806744378138	0.00150546448964579	0.00168192222263262	0.00181666341185553	0.0016343784196024	0.00387042362004744	-4.51969264754024
889.5779	PI	(20:1/18:1)	0.00337261559143478	0.00348866424591687	0.00355966686648661	0.0029618541983711	0.00172459758980282	0.00143333407308308	0.00176574715804824	0.000169033269978721	0.00107064561984417	1.027534030841
909.5504	PI	(18:0/22:6)	0.180598219033643	0.212393618343088	0.133162857659396	0.224026553113974	0.406298817750592	0.388475527968634	0.38528453792239	0.00107229518503002	0.00302064852776431	-1.06858524321618
855.5051	PI	(16:0/20:5)	0.0553915384894884	0.0593453317240887	0.048395896205177	0.0583083034555247	0.0510919805867948	0.0605380695589052	0.0642134553436007	0.524938176676944	0.551825254018934	-0.0824067331268127
911.5656	PI	(18:0/22:5)	0.129434309983466	0.146557894736219	0.106882227569697	0.148934944491441	0.113169697293732	0.110471979662637	0.116152884872333	0.134651656833005	0.158999627657603	0.231208952122636
857.518	PI	(16:0/20:4)	0.0675806212132884	0.0703400737331249	0.0714188144106136	0.0714331917123687	0.0901760151434174	0.100043657685187	0.103989351537202	0.0172445864378686	0.0240531286560562	-0.482476326487625
937.5818	PI	(20:0/22:6)	0.00228748993499092	0.00249111442023356	0.00148475864131778	0.00292341210378048	0.00266543283776139	0.00212044333015968	0.00231574731324567	0.845376445110911	0.858594345661957	-0.0436278610761013
893.557	PI	(18:1e/22:6)	0.0120242133691601	0.0121480445766221	0.020588660922575	0.0139538489389484	0.0232719898317309	0.017174692581377	0.0176192869896557	0.159389714511053	0.183681729824235	-0.399006980999583
935.5656	PI	(20:1/22:6)	0.00212463782336614	0.00227928028490895	0.00149584204317586	0.00202309281571229	0.00783759524035005	0.00890534196099547	0.00914342630162494	0.00102449374390102	0.00292421724252542	-2.12313787607215
937.5823	PI	(20:1/22:5)	0.000259452317673125	0.000283105494615346	0.000176876746692947	0.000521458575239237	0.00169264333940453	0.00183802735106975	0.00192386315517722	2.56418777220942e-05	0.000345364040569456	-2.55111452991472
905.52	PI	(18:2/22:6)	0.000385046587250184	0.000433961233387062	0.00023531508672193	0.000512287912313362	0.00270260282372622	0.00261443344211045	0.00255879194903979	7.59714561899623e-07	0.000109145658726246	-2.74482231586742
869.521	PI	(17:0/20:5)	0.00970375078078156	0.0102278913646277	0.0138097231880017	0.0108540164317139	0.0108881776935284	0.00967766247967075	0.0102811366569896	0.429618911594622	0.45833106657743	0.116727710716095
929.5202	PI	(20:4/22:6)	0.00020189365030836	0.000230678368600743	6.19111268238913e-05	0.000232650281689822	0.00212749558770112	0.0021244648540292	0.00219400301819799	4.90027559602563e-07	0.000109145658726246	-3.5631414845383
871.5345	PI	(17:0/20:4)	0.0120841550950771	0.0131599228330076	0.0213415470267359	0.0132998413884522	0.0112057286521206	0.00949055412050199	0.00965402920467113	0.105309844675169	0.126430482047348	0.565457070955524
913.5841	PI	(20:0/20:4)	0.0124058347939903	0.0136542331534074	0.0196087198207786	0.0142700254885232	0.00416099404874724	0.00381114365474843	0.0040943944631796	0.00610421129994196	0.0103988737955533	1.89744190495162
939.5976	PI	(20:0/22:5)	0.00117264245793606	0.00164436063380945	0.00120403081151431	0.00206966137189461	0.00130851400575294	0.000999817769151379	0.00107480944518616	0.162088976372526	0.186294263510823	0.433206027376047
903.505	PI	(18:3/22:6)	3.51288066899205e-05	2.48552621724232e-05	1.64479452036356e-05	4.9514649827741e-05	0.00192978855137727	0.000858225338282411	0.000991944304907635	0.0676777463764126	0.0840608319545644	-5.32252296472264
814.5633	PS	(20:1/18:1)	0.0127320455410933	0.0152456907108979	0.0191086897819544	0.0189317279541325	0.00914545326021984	0.00608410871515061	0.00814884041817555	0.00569147391965156	0.00981210103747928	1.08264895493934
768.5217	PS	(18:3e/18:1)	0.02989838529152	0.0190751664814323	0.0159968646853325	0.0188443218880232	0.00354543812584327	0.00391363785016496	0.0040143240179327	0.0111941637756638	0.0169287178502144	2.45387347793394
758.4991	PS	(16:0/18:2)	0.000111883748058113	0.000178756965476517	0.000164825384695437	0.000418775521570906	0.00515314216850283	0.00380492018902825	0.00435823322756078	0.00709582888512508	0.0117176331398043	-4.3440544270783
788.5447	PS	(17:1/19:0)	0.0468809117284979	0.0311663606980267	0.0375860602805075	0.0246431348079382	0.0337644580085528	0.0327176764027338	0.0297579530361548	0.579824262532008	0.60363347137994	0.128525647977568
820.551	PS	(18:0e/22:6)	0.0417309383133224	0.0249119484654011	0.0255308602207399	0.0185841183670336	0.0121771611080613	0.0197302061237692	0.0162083256340137	0.0961163632660532	0.116039643046692	0.787792245958367
780.4844	PS	(16:0/20:5)	0.000736538980415163	0.000484392762523008	0.00031806127061301	0.000463821252601502	0.00292994781476728	0.00374508892567165	0.00381309602325881	0.00523839949980123	0.00921530687516053	-2.80369481029925
790.5058	PS	(16:1e/22:6)	0.0070845488122086	0.00494823686219926	0.00448715936156284	0.00592566614978262	0.00634922564976508	0.00888889596324517	0.00660304137141129	0.169852943060499	0.194182011827785	-0.375653796449548
904.6087	PS	(22:6/23:0)	0.103292825524943	0.0624301695889709	0.0688540135028251	0.0534062360241665	0.0648614673382195	0.0922761674968425	0.0876974564263083	0.51738712206004	0.545217236205079	-0.180862972360532
760.5144	PS	(16:0/18:1)	0.0319244241799322	0.0327400803914657	0.0278094735642033	0.0349223640343396	0.0632921721519037	0.0519224904884099	0.0569676633889803	0.00706490894999867	0.0117114452209593	-0.849650706303297
852.484	PS	(20:5/22:6)	0	0	0	0	0.0010028820021466	0.00232262060425552	0.00171254232502119	0.0478891398726788	0.0616125948809689	-Inf
810.5308	PS	(18:0/20:4)	0.0459802155502441	0.0408807056365318	0.0399372470595536	0.0403116586943468	0.0106709532415263	0.0104056939661469	0.0104310633334015	0.00019420949578127	0.00114505096028376	1.99198224262633
842.5347	PS	(20:3e/22:6)	0.0199070693853507	0.014248042778774	0.0149530978813237	0.0138342732168761	0.00918091000104496	0.0142422649287467	0.0118658566656572	0.11115831750254	0.133081207898874	0.419776758853509
838.5607	PS	(20:1/20:3)	0.0188331484450705	0.0173731931647421	0.0179576041039727	0.0175631509981335	0.00681215296915069	0.00717310925514806	0.00707445023632796	1.38911996966958e-05	0.000246529458361397	1.35299499827883
786.531	PS	(18:0/18:2)	0.033419691411372	0.035632487116258	0.0379084521211066	0.0402625239331736	0.0173269467398197	0.012828143530939	0.0136491574795735	0.000122094520125949	0.000848753841520709	1.3338244088266
876.5759	PS	(22:6/21:0)	1.62464958565766	1.03104993303169	0.960248029324081	0.87276046129466	0.817313218501354	0.97457380499848	0.918093017768478	0.293584425505812	0.318727676052909	0.312980526324904
864.5775	PS	(20:0/22:5)	0.0282341571687439	0.0334996616005163	0.035925601575912	0.03967655792899	0.0190488142179199	0.0143080149844427	0.0159921429432534	0.00184054993348496	0.00423175493419455	1.06158018115975
664.4208	PS	(11:0/16:0)	0.0286802550651236	0.0131696848305023	0.0144357655408885	0.00960443250942983	0.0086836555036668	0.0106191486021904	0.0100998930511256	0.210017245208952	0.236271717395694	0.749076545996295
782.5009	PS	(18:4/18:0)	0.000161726171478678	0.000115038717049121	0.000149752695349792	6.46487012292509e-05	0.00103307356124349	0.00070629865317717	0.000755273879011496	0.0165191358243196	0.0231913600660643	-2.75958922035262
812.5453	PS	(18:1/20:2)	0.0948590643778204	0.0630224030772562	0.060209485337872	0.0580209826442098	0.0172829070751993	0.0209027341206628	0.01799985947536	0.00954852991810477	0.0146979156953684	1.88194597391566
804.5759	PS	(16:0/21:0)	10.0031368019365	6.26639095221131	5.87783307896057	5.20935264489892	3.37521166510984	4.48635643730345	3.97116827632934	0.069998196251947	0.0866931683465205	0.79407367934608
844.6106	PS	(18:1/22:0)	0.0601312509953142	0.0369913342663436	0.0428191253749651	0.0328025830719187	0.0235280787573023	0.0264969460855139	0.0238409622328569	0.0520263980310343	0.0663413537022952	0.810618447867024
836.5452	PS	(18:0/22:5)	0.40785568515031	0.437291325288988	0.432862448644964	0.468586912590542	0.253954826872965	0.26759304553236	0.268820908196128	0.000267499649783614	0.00135638057713809	0.728910881995021
832.6096	PS	(16:0/23:0)	4.36201166365694	2.7719382110581	2.80724469294169	2.36348298584131	0.705244137633732	0.948390085582529	0.805302679607699	0.0131917906336594	0.0190794018896215	1.90806273243937
840.5165	PS	(20:4e/22:6)	0.0528130628597674	0.0351330068662082	0.0412608104771809	0.0270228276380168	0.0247643641530108	0.0346524163790276	0.0305192136736369	0.207340038594297	0.23440005912555	0.381660783598944
782.497	PS	(16:0/20:4)	0.0141860272701037	0.011055784713479	0.00940581931055023	0.0106167763533015	0.0143130929465169	0.0140994544544645	0.0136871244502624	0.073659359433354	0.0901908633970897	-0.310469412734633
858.5269	PS	(20:2/22:6)	0.340577701767546	0.239913644750913	0.244845091977297	0.195348098063986	0.0835856647016946	0.104926605586957	0.0948746645353198	0.0116791523288378	0.0174781758810037	1.43365439003335
744.5215	PS	(16:1e/18:1)	0.0118572462677999	0.00942420284411924	0.0079311341321865	0.0104280337821139	0.00951272034525718	0.0157265831584175	0.0179295230514847	0.210506588120525	0.236271717395694	-0.538047957302846
820.5151	PS	(17:0/22:6)	0.00981733794542838	0.0104465782419881	0.0142570981845739	0.0108643824675536	0.0418746399624839	0.0335518311914302	0.0321501481439757	0.00922264615502475	0.0144014342960994	-1.6601019787449
834.53	PS	(18:0/22:6)	1.3803857360837	1.45861899101304	1.45812598808487	1.51014001247172	1.24746064600991	1.2807432198705	1.27542453146374	0.00351133768115314	0.00663766026568861	0.195446486688935
748.5151	PS	(19:0/14:0)	0.0815380375028162	0.0570461214157977	0.043525502587345	0.0483848406095609	0.0792729558095568	0.100382727780803	0.087609441200527	0.0301119925388002	0.0400563851364904	-0.628576753945434
788.548	PS	(18:0/18:1)	0.251583286961607	0.273019054605544	0.224604830743045	0.286001122225934	0.0777963485475813	0.0574163679420151	0.0636033440679506	0.000173943936837401	0.00107064561984417	1.9653773736573
878.4949	PS	(22:6/22:6)	0.00690658783453563	0.00530998083109168	0.00504328813281104	0.00402441001837951	0.0123231133272956	0.0136657268785075	0.0115788963144317	0.000490550263823172	0.00178436883478006	-1.23474430040754
806.4988	PS	(16:0/22:6)	0.0317595903798582	0.0274053263073741	0.0268375394593468	0.0285601592462267	0.433043995160608	0.481317784414166	0.512071303165989	0.00258941235199481	0.00528927357208419	-4.0532413286126
822.5308	PS	(19:0/20:5)	0.133257816926531	0.08715155619534	0.059307161722877	0.0692113990763011	0.080061264451105	0.108639150049608	0.0980986548107221	0.671032059374456	0.695227926899977	-0.13214874249709
732.4848	PS	(18:1/14:0)	0.00327025203979062	0.00217063874414909	0.00311964606278299	0.00191309792907618	0.000912987826011896	0.000784934268150747	0.000911322035476638	0.013314676874546	0.019192728203777	1.59002086456958
906.6242	PS	(22:5/23:0)	0.0397820174899217	0.0241416436464316	0.0272838158650963	0.0202710034160241	0.0179426647703376	0.0259399191228478	0.0247719476182195	0.359636396532647	0.386541862607409	0.284300889719279
874.5613	PS	(22:6/21:1)	0.116297530824482	0.0686254317323759	0.0777318981423622	0.0607033334663026	0.0642530761873873	0.0657913158144737	0.0643812087375015	0.284172897807941	0.310660291844107	0.318877474208212
886.6576	PS	(20:1/23:0)	0.0222832471949094	0.0135983826805062	0.0178611512858052	0.0117778146474491	0.00755753423730803	0.0112804480670708	0.0101649918601545	0.0582118397174132	0.073360534848553	0.760710125141278
856.5112	PS	(20:3/22:6)	0.367578734037176	0.35608102937522	0.375872144746845	0.33720863673269	0.251098722600858	0.280790584583757	0.263577380663281	0.000690857366876129	0.00220562611202675	0.437888635151588
884.5434	PS	(22:3/22:6)	0.0314317227969776	0.0311776208406512	0.0365046614718249	0.0322141527231559	0.0171022585971033	0.0155726547733705	0.0162483581961381	0.000356487883614289	0.00151150353516796	1.00954598854006
810.529	PS	(18:1/20:3)	0.111628997286054	0.096840586652011	0.0934600758194081	0.0975567325298774	0.038800454334362	0.0368756226843006	0.0355279742928488	0.000342765624878487	0.00148439184100187	1.42989951384425
774.5306	PS	(16:1/19:0)	0.140081538312644	0.0882825636166596	0.0953560541218982	0.0809634003026318	0.11428367954315	0.126201968747234	0.117840926498222	0.266059170278669	0.292529342831904	-0.2395183135782
816.5188	PS	(18:3e/22:5)	0.067724659400192	0.0449347068429919	0.0461201466612851	0.0422298878729647	0.0242961790919721	0.0336216421486959	0.0303559384162135	0.0309160374163362	0.0408736568295733	0.772168925655287
830.496	PS	(18:2/22:6)	0.124879808897828	0.086100697602787	0.0706727938109691	0.0718545599274872	0.147047286955779	0.196995027321727	0.176594309514209	0.00887203382794193	0.0140067640287288	-0.973572006205975
846.5286	PS	(19:1/22:6)	0.000986064778338632	0.00200172134236114	0.00231341210334782	0.0023956169338982	0.00632042166467702	0.00704607856134966	0.00628573968672978	9.55542924033446e-05	0.000732101059328722	-1.76739774993565
860.5424	PS	(20:2/22:5)	0.0524700547061134	0.0378518352814637	0.0370708694465613	0.0320713484934842	0.0155647662775805	0.0196740644425873	0.018026698511539	0.0121144606834477	0.0179519717425392	1.16692013994984
854.4951	PS	(20:4/22:6)	0.0249248445718796	0.0183498834484464	0.0229212515415636	0.0178900237811874	0.0425336794246567	0.0485480501244299	0.0457534440326895	0.000214127537504282	0.00118319190595315	-1.11753904329818
858.6252	PS	(18:1/23:0)	0.474076365381387	0.279102850611819	0.338150244357558	0.247379359249842	0.131946709090316	0.159724029050391	0.155250851242589	0.0322527283066644	0.0423808716468669	1.16771105361911
828.4804	PS	(18:3/22:6)	0.00915681367597526	0.0077364153582427	0.00609460785438949	0.0072799747860075	0.0673671052777651	0.0786881556975963	0.0785968942459169	0.00248184545822001	0.00519259899268361	-3.30687412285562
838.5605	PS	(18:0/22:4)	0.0241344436765979	0.0270294058999255	0.0301455458613814	0.0291476692480202	0.0131758825139172	0.0130587800986654	0.0135195367514875	0.00156601343557207	0.00379186399287394	1.05926902512666
832.5141	PS	(18:1/22:6)	0.0340161883188987	0.0328346909486078	0.03941672695845	0.0350224784531225	0.171765305286601	0.181896692644113	0.182642473942768	9.91783236031422e-05	0.000736997542637143	-2.33942955718403
822.5654	PS	(18:0e/22:5)	0.0216455122018215	0.0119794451377096	0.0114735720854138	0.0096187294061875	0.0030861378430759	0.00551796599072144	0.00415451467164829	0.0358690789444	0.0465649789910735	1.6854863345858
808.5153	PS	(16:0/22:5)	0.015583298424702	0.0103686706406506	0.0113955569752	0.00952853540318542	0.0517020085244	0.0574908433565914	0.0601514320008624	0.000417289524117921	0.0016432080148487	-2.26807352578074
814.5014	PS	(18:3e/22:6)	0.408523354777061	0.276062254023352	0.271207035414799	0.229578873882034	0.13301660012898	0.177693605827058	0.160904859809725	0.0315760561246165	0.0416185938523233	0.914620087799391
862.5624	PS	(20:0/22:6)	0.135970931706883	0.144008644342003	0.154213663769948	0.151607295482581	0.110820273825498	0.0852349503732138	0.0950041902769904	0.00845838962857481	0.013502096036725	0.594058329166633
816.5775	PS	(20:0/18:1)	0.225410775101869	0.149645147002597	0.173012918834347	0.128015269196667	0.107383862028946	0.113141684287501	0.100805904172352	0.0575690078437587	0.0727631741368328	0.658103048633203
894.7556	TG	(16:1/16:1/22:5)	0.574983013596824	0.634898289705966	0.415347699442529	0.67526531171589	0.140980382608676	0.163293071327287	0.143125465565937	0.0045925987993467	0.00823931511336208	1.94727271431972
796.7419	TG	(16:0/14:0/16:0)	0.0559504065833815	0.0499057754000092	0.0388828580385747	0.0470821144292044	0.014684252126318	0.0171949720010259	0.0157970999489061	0.00220382390683918	0.00482156397892226	1.59337942235824
858.7568	TG	(15:0/18:1/18:3)	0.0151250000172447	0.0151548243946525	0.0224979815597366	0.0199393518141713	0.00535020537592584	0.00401350842285874	0.00363670043005623	0.00322789342582019	0.00615584985189603	2.06870072014254
918.8525	TG	(15:0/20:1/20:1)	0.00303472416428534	0.0023617577650795	0.00285148632223602	0.0026010546001157	0.000413893271889189	0.000491336070396452	0.000489180532478033	0.00045844384182965	0.00171816778981373	2.54480101235693
920.77	TG	(16:1/18:1/22:6)	0.429247934881761	0.471484731716496	0.342813128183447	0.513783772860224	0.11587477657429	0.1184412930901	0.105315531447811	0.00274167307604865	0.00547065322118967	1.95630467268122
830.7258	TG	(15:0/16:1/18:3)	0.00566486609348613	0.00599752007381168	0.00718365989783554	0.00737409744635302	0.00177168627617924	0.00148092752591526	0.0011690765790786	0.000421217651055926	0.0016432080148487	2.15296817028808
880.7388	TG	(18:3/17:1/18:3)	0.0208343652254943	0.0235351161399856	0.0201343069621203	0.0247077500654819	0.00618029546901155	0.00614902173568758	0.00519640203659298	0.000291549578203227	0.00141188615961338	1.9327191649512
832.7416	TG	(16:1/16:1/17:1)	0.0138057313522575	0.0118491924143049	0.0136033479307094	0.0143553970324245	0.0035471669305484	0.00303481959595568	0.00283530859653164	7.9105162862656e-05	0.000695802554975607	2.09417871414953
1004.8652	TG	(18:1/22:1/22:6)	0.00645999596113997	0.00593568805430687	0.00615070332143675	0.00682694615025458	0.000714852854175181	0.0011110175380448	0.00100975006213124	4.593192837162e-06	0.000159453138465856	2.74653922338262
996.8035	TG	(18:1/22:5/22:6)	0.131474451280731	0.135279227374129	0.0832648230383328	0.163679163513359	0.0373310643493801	0.0401517381472593	0.0415049328035967	0.0127081369637437	0.0185040778086944	1.69506914233339
940.7353	TG	(14:0/22:6/22:6)	0.0293217592175711	0.0353774619911546	0.0229521023860891	0.0325462873019766	0.0081676791444062	0.00846541611618278	0.00658759093526787	0.00274009423281592	0.00547065322118967	1.95688821027087
958.8823	TG	(18:1/18:1/22:1)	0.00334568546342284	0.00267960764030651	0.00327241379459767	0.00321113992189681	0.000394791115648824	0.000568494247888314	0.000526181903158155	0.000142592408898458	0.000932512773466857	2.65504297191189
790.6945	TG	(14:0/14:0/18:3)	0.00465272049430349	0.00484093308576451	0.0032363949387124	0.00480296400630845	0.000875603543787287	0.000963984084950271	0.000735527268676432	0.00226960767482068	0.00490810358165677	2.35232769267827
938.8209	TG	(17:0/18:1/22:5)	0.00893261929908655	0.00806498897049625	0.00911840068220596	0.010368788120695	0.00164691488688686	0.00165505903032203	0.00157444916733136	0.000537907676772155	0.00188486348527479	2.48836272375055
888.7069	TG	(18:4/14:0/22:6)	0.0250962327610706	0.0296041254382623	0.0133209350398224	0.0268007100764413	0.00469746784504871	0.00696041931854086	0.00469106606622627	0.0126788893868295	0.0185040778086944	2.12098610647546
948.8033	TG	(18:1/18:1/22:6)	0.145714163659527	0.141532195070371	0.118016755084751	0.175718085362157	0.0355420921795872	0.0351114114068101	0.0343021900773163	0.00260904377928956	0.00530423523053679	2.05367354637236
890.7218	TG	(14:0/18:3/22:6)	0.0435175133206593	0.0536719935194761	0.0322215328790991	0.0504553602410081	0.0105019188732404	0.0119844778026755	0.0082217189741578	0.00405646780583549	0.00737695200132952	2.13519631737628
944.7667	TG	(18:1/18:3/22:6)	0.327007687372713	0.370129544164424	0.248811267768565	0.386337960485447	0.0886432484453295	0.0920192634497807	0.0792268148040347	0.00371254433847198	0.00686741034283873	1.94289752501017
902.82	TG	(18:1/18:1/18:1)	0.0704095161095103	0.0606593334698871	0.0656729600071887	0.0696135274974531	0.0149279262443173	0.0167833445676261	0.0160694594417116	9.68207897488101e-05	0.000732101059328722	2.06381388144164
912.8018	TG	(16:0/17:0/22:5)	0.0133671749925826	0.0122056080029714	0.0151303354850369	0.0167399940022341	0.00357517118727982	0.00313933373177162	0.0030477761011637	0.00126336361001274	0.00326525890970074	2.14180623528342
908.8665	TG	(18:0/18:0/18:0)	0.0322027674049246	0.0222038961470518	0.0250463433691879	0.0408000851129099	0.0172025882717144	0.00814491433430895	0.00698289186246606	0.0145506258546722	0.0208349493135007	1.48007347556211
848.7712	TG	(16:0/16:0/18:2)	0.243269939175936	0.245594780711355	0.185238089227444	0.270291935712067	0.0579315228123225	0.0704430655743974	0.0621655558523085	0.00184586990169043	0.00423175493419455	1.89425752816432
926.8199	TG	(20:1/18:1/18:3)	0.0364315695281062	0.0332370418321054	0.0288527388109057	0.0431985291029638	0.00538627271668358	0.00659697244892026	0.00594401067257197	0.0020896111665652	0.00459501231015104	2.56777806838213
1040.7729	TG	(22:6/22:6/22:6)	0.0431265377612979	0.0503676232295215	0.030892266371349	0.0461541363312225	0.0142268936870605	0.0152107808044966	0.0157529471981474	0.00675266150401896	0.0112806089466363	1.50098212156203
904.8366	TG	(16:0/18:1/20:1)	0.0478162806551098	0.0440880250696052	0.0419351739308404	0.0483400161424277	0.00686055717840224	0.00999523133825116	0.00886618193777166	9.40145696694489e-06	0.000238354585456073	2.40925002351621
874.7881	TG	(18:0/16:0/18:3)	0.154912453403623	0.151723218216125	0.144180322141728	0.183222173949768	0.0391779167221313	0.0414428975244256	0.0382477404493667	0.000719347555753553	0.00224665794586798	2.00016507355209
936.8035	TG	(18:1/17:1/22:5)	0.0231014526965186	0.0217046151057992	0.0230579605722617	0.0287774196828896	0.00525259474523415	0.00473697401998137	0.00456931612372269	0.00101420438012879	0.00291414725223673	2.31570471343012
872.7714	TG	(16:0/18:1/18:3)	0.154487035044731	0.153709857090653	0.190930668903105	0.199040444977396	0.0507350379069488	0.0390856130582861	0.0367987744084148	0.000667954573191033	0.00218097288670708	2.0480379933004
992.773	TG	(20:4/20:4/22:6)	0.021169898868926	0.0231392898597975	0.017533895963777	0.0278044435264779	0.00792562884737702	0.00597980518130197	0.00623910538864933	0.00355844652629694	0.00666821936014774	1.73883748583077
836.7731	TG	(16:0/16:0/17:1)	0.039267806044028	0.0304625850957446	0.0313716868377428	0.0335583743166802	0.00941876956766375	0.0102042305635748	0.00979489734089285	0.00110239889915899	0.00306538016475823	1.77952267189114
878.821	TG	(18:0/16:0/18:1)	0.055437728630103	0.05124127332424	0.0444424993193699	0.0534331088242272	0.0104819443580204	0.0129678444649035	0.0114177377805089	0.000209495612382695	0.00117263128489534	2.13749262024204
864.8053	TG	(16:0/17:0/18:1)	0.00790536660898266	0.00569660809670841	0.00768282176977335	0.00709494350561166	0.00223370656597048	0.00202133304973858	0.00207348574740946	0.00187415838102537	0.00427387440329066	1.74988259666069
854.724	TG	(15:0/14:0/22:6)	0.0117155256789728	0.0127018040952411	0.00919669214743285	0.013361536199496	0.0027191964494796	0.00322414815303448	0.00244585549481901	0.0015183956590113	0.00371834391496518	2.07026764060365
970.7881	TG	(16:0/22:5/22:6)	0.218200884717206	0.221908204569602	0.11825357181867	0.264765907883567	0.0517962769145874	0.0639082725090978	0.0685533985473845	0.0173665975534888	0.0241451727275925	1.74435344011231
982.7877	TG	(17:0/22:6/22:6)	0.0371023420320386	0.0387181468202924	0.0289705637342393	0.044344051529526	0.0103924931131773	0.0110147453807104	0.010626150968261	0.0034977664065984	0.00663766026568861	1.80393402332156
768.7104	TG	(16:0/14:0/14:0)	0.0213666862794427	0.0191356314988488	0.0139139120392249	0.0165425363367195	0.00394296890485389	0.00527411623948539	0.00465061565202432	0.00284075143387956	0.00562829771267156	1.94021480968495
1024.8348	TG	(20:0/22:6/22:6)	0.020351798230166	0.0203152605507978	0.0142217648774384	0.0219496971185358	0.00271489772188085	0.00420192265056492	0.00410838755906224	0.00175133038420346	0.00409989211579611	2.38598638182574
876.8045	TG	(16:0/18:1/18:1)	0.195395485410411	0.193123644239393	0.16376605439585	0.216550432625524	0.0476291101590905	0.0604516374145145	0.0527113453382239	0.000432993807249153	0.00166625295468201	1.84244120940321
864.7069	TG	(18:4/16:1/18:3)	0.019509299424073	0.0238736858335713	0.0176773824778258	0.0217963037830917	0.00476703958059069	0.00502308971713933	0.00345425839845719	0.000493683829310954	0.00178436883478006	2.23019921915764
932.8676	TG	(16:0/18:1/22:1)	0.0132984201865284	0.0113168451067698	0.0116047329316472	0.0128242852386541	0.00145036408259961	0.00206377006914383	0.00182989568109323	4.90408819991043e-05	0.000491549305618929	2.78304752161591
994.7861	TG	(18:1/22:6/22:6)	0.2304727898121	0.254903941440191	0.175595277680276	0.262704634060742	0.0599035006799731	0.0635230314198428	0.0597607005303891	0.00319163723951225	0.00611375844546568	1.91903143062423
934.7884	TG	(18:1/17:1/22:6)	0.0306078051766134	0.0316926036024994	0.0271390030621023	0.0375794814318931	0.00819228106072756	0.00818750026445438	0.00762406072280865	0.00154420564254142	0.00376018436121668	1.98866835884711
822.7574	TG	(16:0/16:0/16:1)	0.175101538081092	0.176941388728078	0.106482949942982	0.172069336940287	0.0386686048401704	0.0533168975727159	0.0455784921504308	0.00556884294621944	0.00967811012024426	1.78157380616806
922.7882	TG	(16:0/18:1/22:6)	0.398335258900615	0.388185250173855	0.255483177051737	0.464400390353743	0.0854544710545839	0.0950769748527432	0.0957760287318121	0.00719570237600296	0.0117921966694193	2.03172481445108
842.7255	TG	(18:4/14:0/18:1)	0.0407978177903199	0.044835073395425	0.0318056938776001	0.0490834652249594	0.00936074049780101	0.010091934389268	0.00772563411253695	0.0024539521666918	0.0051845754110008	2.20014812614965
896.7732	TG	(16:0/18:1/20:5)	0.318165305417291	0.308693270503209	0.193453926539919	0.36924576769493	0.07104931548609	0.0853233044743221	0.0841694535826767	0.00934403252001191	0.0144866115687954	1.89102727925704
914.7265	TG	(18:4/16:1/22:6)	0.0115602207379828	0.0133886225689264	0.00515295575008033	0.0132981516468204	0.00280731539762411	0.00436871979270641	0.00348387384501981	0.0298834472263075	0.0398754357725652	1.61046077755544
868.7423	TG	(18:4/16:1/18:1)	0.197602540957336	0.204027801228131	0.132637095450996	0.240379887691627	0.0455744903710702	0.0524460391954608	0.0468358108793948	0.00714184052104148	0.0117486002464461	2.00387930938576
900.8032	TG	(18:1/18:1/18:2)	0.0689284797902689	0.0634054146448934	0.078001881620787	0.0801550436777452	0.0173828358011496	0.0157042115010007	0.0157678560320859	0.000611713372799202	0.00204378654012757	2.15687980114034
930.852	TG	(20:1/18:1/18:1)	0.0123875810371872	0.0108874538359246	0.0121019448432211	0.0122231465153053	0.00168364667512067	0.00233833053975582	0.00216692468318663	4.80949141544346e-06	0.000159453138465856	2.52817254147356
684.6166	TG	(12:0/12:0/14:0)	0.00318741288895446	0.00301681411308962	0.00671459228380235	0.00293428768886827	0.000981265730364505	0.000877810127025369	0.00142807661775309	0.0500965334939527	0.0642607319520643	1.85481783296174
766.6942	TG	(16:1/14:0/14:0)	0.0114485988802259	0.00929111177293635	0.00557137474079705	0.00806185042768687	0.00150585931031969	0.00214920213594599	0.00201059144572771	0.0109632432357571	0.0166966707936796	2.18592145713225
964.7399	TG	(18:3/20:5/22:6)	0.0131721007852328	0.0145578659352257	0.0120923608226329	0.0161686483725438	0.00524281548012166	0.00435421491355951	0.00402507775704906	0.000630344351029162	0.00208983396379668	1.62420683558301
656.5848	TG	(12:0/12:0/12:0)	0.00195628610124388	0.00150049411776535	0.00495063635537318	0.00172280053548507	0.00057087677028503	0.00051334438552778	0.000961774899526307	0.105216172431094	0.126430482047348	1.89275232620071
862.6923	TG	(18:4/14:0/20:5)	0.00953455457457437	0.0113638763557487	0.00484443447151155	0.00978543851348088	0.0016981098481229	0.00297457672970456	0.00198978405506129	0.0145118386845156	0.0208349493135007	1.99980214442879
968.7727	TG	(16:0/22:6/22:6)	0.277289263079549	0.28819209315538	0.152894712960171	0.313737093680625	0.0594461800378983	0.0788093143991832	0.0769125559248215	0.0125357212075274	0.0184399175441786	1.8470278824314
890.8215	TG	(17:0/18:1/18:1)	0.0131355234096414	0.0111230782585448	0.013578529487491	0.0126934604725481	0.00287563148375465	0.00299099200874909	0.00284920019529131	0.000337967929456174	0.00148439184100187	2.12041065469243
838.6927	TG	(18:4/14:0/18:3)	3.47684285243784e-06	0	0	7.83150894198086e-06	8.64826541040142e-07	8.95715530092696e-07	2.19665144340132e-06	0.482133972963411	0.50931309398831	1.09980164810229
908.7704	TG	(16:0/17:1/22:6)	0.0949551673747123	0.0978811993343117	0.0824569656821403	0.111924435025337	0.0263466120342752	0.0266630891398427	0.0241799000600394	0.00116285177239607	0.00317208299938422	1.91162924277014
850.7894	TG	(16:0/16:0/18:1)	0.185763852861206	0.187606348649142	0.129064819313071	0.189336756095049	0.0500142647990338	0.0668642338713461	0.0579148272998842	0.00253544038369313	0.00527081416511423	1.56960855586975
844.7408	TG	(18:4/16:0/16:0)	0.0974494175784991	0.102134235374662	0.098913596650609	0.125438165337334	0.0281357568831976	0.0237651023692252	0.0206869043290758	0.000500948095147069	0.00178436883478006	2.13100871999005
972.8019	TG	(16:0/22:5/22:5)	0.097208198658101	0.101063117823338	0.0678100818653089	0.119128834195411	0.019037051618869	0.0219175260054909	0.0219134684397285	0.00554286099853882	0.00967195583145843	2.20020969744741
862.7882	TG	(16:0/17:1/18:1)	0.0397993071483547	0.0336406130445028	0.0376190282812604	0.0402261076052429	0.00996437038986567	0.0101997809838221	0.00968799667135247	0.000311059725635453	0.00142624193349873	1.92632533497229
816.71	TG	(16:1/14:0/18:3)	0.0103195935053169	0.011526807630813	0.010200652352884	0.0136861818019879	0.00283616901104961	0.00238986435458883	0.00188043793535398	0.000697595779913508	0.00221076309663766	2.27100020711767
860.772	TG	(16:1/17:1/18:1)	0.024173055400208	0.0216761696985248	0.026746552051491	0.0267486178240585	0.00681523390152622	0.00595883943499409	0.00568061640037042	0.000299047553539983	0.00142624193349873	2.0134135904465
884.7721	TG	(15:0/16:0/22:5)	0.0334924482127499	0.0331039082443412	0.0384979924469914	0.0424412421783827	0.0101854242978392	0.00934102857532209	0.00856275923997043	0.00079935319394518	0.00246086590421695	1.97793746564094
792.7098	TG	(16:1/14:0/16:1)	0.0205430132602047	0.0180708903198319	0.0102989675431748	0.0177014197675129	0.00303327934863262	0.00418133273928029	0.00361943968664407	0.00886752414396007	0.0140067640287288	2.20522132494275
998.8188	TG	(18:1/22:5/22:5)	0.072283099071428	0.0694512147917233	0.0478691344892762	0.0873360374106723	0.00723509262178684	0.00849634230148314	0.00844067960113808	0.00479961963578865	0.0085480829050616	3.10311767956536
978.8506	TG	(16:0/22:1/22:6)	0.0138311438065332	0.0142497657801684	0.0126270233462076	0.0142304160841886	0.00198552024728337	0.00298567028938643	0.0025548885789277	2.76404301501265e-06	0.000159453138465856	2.45280569606765
656.5851	TG	(18:0/8:0/10:0)	0.00349539565519635	0.00409434847383297	0.00390586939567887	0.00322742742416063	0.00142855910381136	0.000703999874787642	0.000695511327275081	0.000703574090343893	0.00221343381706728	1.96514829109339
824.7739	TG	(16:0/16:0/16:0)	0.0532684719058762	0.0469935054867854	0.0438857679340888	0.0515906019879176	0.0193489513527421	0.021009622910722	0.0204715909719884	0.000587623764886027	0.00201324086139248	1.271030096167
954.7498	TG	(15:0/22:6/22:6)	0.0110514487653952	0.0132135612982686	0.0088313688835084	0.0131552949402902	0.00357889847547022	0.00370040507456506	0.00319874621781207	0.00396665311433705	0.0072750106054437	1.72709786011741
818.7258	TG	(16:0/14:0/18:3)	0.0365553056962847	0.0361590569141358	0.0289797669494219	0.0427069741716787	0.00855000105043478	0.00845174288125108	0.00711447127257653	0.0017693269919677	0.00409989211579611	2.16696885650478
906.852	TG	(20:0/16:0/18:1)	0.0154983698120987	0.0128682810572855	0.0125782085461311	0.0150630940476757	0.0020152756744931	0.00207225357597853	0.00189789631497505	0.000498068866672238	0.00178436883478006	2.81106848178062
856.7381	TG	(16:1/17:1/18:3)	0.02287686215498	0.0222666785262018	0.0204059097734031	0.0247885693335937	0.00577284613083034	0.00606602474193076	0.00505675063892016	0.000114872384534885	0.000811639307123531	2.00364636938103
840.7106	TG	(14:0/14:0/22:6)	0.0236058584195618	0.0283451527343437	0.0178931479038033	0.0265698335019736	0.00492266894091585	0.00609363705813027	0.00423643142150568	0.00267068599657391	0.00540406415269181	2.24513685315222
1000.8329	TG	(18:0/22:5/22:5)	0.0213870551530703	0.0214222885327694	0.0168248253667499	0.0253526408155232	0.0019594675400952	0.00223773400055736	0.0022212953417088	0.00159311618355604	0.00382994268910819	3.31189406599729
990.7502	TG	(18:3/22:6/22:6)	0.0302377954654955	0.0352664752491626	0.0186953313898303	0.0331942476687026	0.0102537636292372	0.0101839578379761	0.00897520326403537	0.0126277585342483	0.0185040778086944	1.58179717515859
1042.7888	TG	(22:5/22:6/22:6)	0.0431543974553086	0.0507858492187177	0.0279232717448642	0.049945970302614	0.0125695910544136	0.0136723140427005	0.0147834214273384	0.0110170289093025	0.016719505140526	1.65118549534324
954.8515	TG	(18:0/18:0/22:5)	0.00855870346480175	0.00726695014735027	0.00662561489938527	0.00965861170787805	0.000587098727198099	0.000616873004310686	0.000624496009179321	0.00161807682241683	0.00385298956056162	3.71927270524059
794.7257	TG	(16:0/14:0/16:1)	0.0648808482786425	0.0618475519069702	0.0329101271372103	0.0583092230437548	0.0105789603310343	0.0164238546281654	0.0134104988629023	0.00925567819030054	0.0144014342960994	2.01604225315363
976.8357	TG	(20:1/18:1/22:6)	0.0243570585779539	0.0219420051072335	0.0222876229286558	0.0276634964963631	0.00318374615374352	0.00440627582206591	0.00404780869029641	0.000305518327409322	0.00142624193349873	2.63292962634647
950.8186	TG	(18:1/18:1/22:5)	0.0774563460967346	0.0805245755342168	0.0661212922303276	0.088361399888831	0.0187708529987104	0.0215117070349639	0.0198615379545614	0.000847111287050726	0.00257116172337227	1.96215562299412
714.6217	ChE	(22:6)	0.00453056217706714	0.00161553222626743	0.000807810789905269	0.00559792937991936	0.00593125838384548	0.00556501496645482	0.00507547507045793	0.126780790157646	0.150530359663762	-0.815865079462318
688.6056	ChE	(20:5)	0.000849352621292193	0.000320687523141405	9.97527308607359e-05	0.00119716938275842	0.000816335250555083	0.00150576818408515	0.00117148652023397	0.146651338832548	0.170368536487408	-0.917012143253038
716.5337	Hex1Cer	(d18:1/14:0)	0.000353381414041013	0.000605028211320958	0.000785353288742644	0.000822966804720713	0.0164940574042516	0.0288846909777785	0.025418398675058	0.0248029054681248	0.03382927929355	-5.20072543317236
816.6596	Hex1Cer	(d19:0/20:0)	0.0228357997913166	0.0252446132236158	0.0307485302085895	0.0276698771633567	0.0201265556108583	0.0208628539586776	0.0201539883532507	0.0331579289587672	0.0431754301547694	0.385531317060267
774.5135	Hex1Cer	(d15:1/22:6)	0.0853412559928469	0.150996792695329	0.194571507248961	0.187531619501025	0.0985992146759589	0.0817818753531175	0.0768116397305151	0.0663740961836	0.0829195230583525	0.850749015333779
776.5328	Hex1Cer	(d15:0/22:6)	0.285968235645414	0.337958117398776	0.440929227593953	0.388578118450125	0.211669678313791	0.179264739190826	0.162812076176584	0.00779579017246828	0.0126315246779467	0.97713019897255
500.2791	LPE	(20:4)	0.00318349527271678	0.0027078676787454	0.00538866627619595	0.00325597517164594	0.00123162830103629	0.000854569999597376	0.000690520272906731	0.0167238664004656	0.023402553307145	1.97314039263354
452.2789	LPE	(16:0)	0.00344030783774788	0.00424081659799379	0.00375617432331004	0.00510637091125239	0.00623815238682638	0.00595904384619961	0.00617922304128089	0.0098599011207217	0.0151231935339183	-0.56661389328442
498.2631	LPE	(20:5)	0.00820018675095613	0.00924396722813116	0.00351638581780494	0.00942550124967921	0.00112057129398501	0.00234661850493059	0.00185036588640738	0.0212144907179379	0.029119253182902	2.09953607992321
526.295	LPE	(22:5)	0.0116500331348612	0.0104366070875113	0.0134685654853407	0.0108189250426367	0.00839068520682142	0.0083988048601885	0.00778897253827453	0.0115942420752655	0.0174115621409039	0.500888063168862
524.2792	LPE	(22:6)	0.0738084384058169	0.0721478429853045	0.0835017889797994	0.0734779213650774	0.0671283322712584	0.0642923545804498	0.0591761752099627	0.0177454191457231	0.024592526211597	0.253451127932065
508.3412	LPE	(20:0)	0.00493534547601606	0.00580773212978574	0.0032159854486845	0.00655419842286163	0.000928876619655029	0.000649858091895194	0.000495434712653162	0.00748170795835148	0.0121683627549037	2.89091374244573
478.2946	LPE	(18:1)	0.00799218743694083	0.00690985876626971	0.00720134671706939	0.0070981683865617	0.00229311657157079	0.00179237841398331	0.00192560653273619	1.25198866491876e-05	0.000246529458361397	1.86530671753463
480.31	LPE	(18:0)	0.0218387760642553	0.0273450483875602	0.0222515836144462	0.0297490166484052	0.0121780018482446	0.0102747109216897	0.00939025473737512	0.00227754226526996	0.00490810358165677	1.25290303948724
640.5892	DG	(18:0/18:1)	0.0399615589824981	0.0380640944079123	0.0363372375710719	0.0458566379265603	0.0284620981082411	0.0228741626991355	0.0238686473867263	0.00257886483541263	0.00528927357208419	0.676113780310132
656.6218	DG	(18:0/19:0)	0.0138695952459349	0.012820085495423	0.0145180014801563	0.0159025689812619	0.00719375679865954	0.00542396521712896	0.00516282873337147	0.000307416732957194	0.00142624193349873	1.26841221904494
684.5586	DG	(18:1/22:6)	0.0917719051812829	0.0849835863066163	0.113935056191928	0.118270073714808	0.210148390726326	0.194327383349434	0.177220813852664	0.00123795320782058	0.00323368383376162	-0.923342407518608
630.5112	DG	(14:0/22:6)	0.0118398363899599	0.00905312032323442	0.00769165733991177	0.0184168084538273	0.0586231690587325	0.0761293315685937	0.0667916258927162	0.00254368757852381	0.00527081416511423	-2.51535691347991
686.5742	DG	(18:0/22:6)	0.0316766693757568	0.0286539403244405	0.0404921910621567	0.042413849127555	0.0654046524038056	0.0627923075912138	0.0610227065459457	0.00191626130823554	0.00430174893089898	-0.816698860725169
642.6054	DG	(18:0/18:0)	14.9339718717875	14.6025841046062	18.7469939453724	16.7792843138499	7.72781102733475	5.60316884730741	5.42691245179335	0.00042319278340651	0.0016432080148487	1.37929843753447
614.5747	DG	(18:0/16:0)	2.00838300865261	2.01568916861672	2.48823511685174	2.36528094400165	1.01304731102891	0.709078170448525	0.669264811522277	0.000344406459629204	0.00148439184100187	1.47728068757939
638.5746	DG	(18:1/18:1)	0.0268311315404176	0.0219523512933042	0.0330635723691056	0.0322574605063452	0.043144361652848	0.0335012504991715	0.0346397447909805	0.0922697944075836	0.112023327858221	-0.37894538524843
584.5277	DG	(16:0/16:1)	0.0101529409048311	0.00878699578969001	0.0111577667150157	0.0105257755864185	0.0160617569644337	0.0150283263077056	0.0143613119589043	0.000999515063277273	0.00289121471323829	-0.577048283719927
670.6372	DG	(18:0/20:0)	0.161049786793481	0.149171603223255	0.178667754089352	0.198142393514463	0.0833166844308306	0.0612700184268415	0.0606887739883894	0.000565842601300286	0.00196675936419696	1.32777754027377
662.5744	DG	(18:0/20:4)	0.0268488925928507	0.0221558151475962	0.0408622298507793	0.029875669117454	0.0288939658674129	0.0352809691239931	0.0344675118336569	0.541960374725281	0.568333142351815	-0.135381408506832
586.5432	DG	(16:0/16:0)	0.0750395077531042	0.0949913530794573	0.102176068944215	0.111079391975321	0.0318522995098289	0.032491502835868	0.0317534011850517	0.00362177494434405	0.00675751082689301	1.5808186609762
636.5593	DG	(18:1/18:2)	0.00826867083056985	0.00604617513151655	0.0101159129199732	0.00861627028658818	0.0130337056087636	0.00936347576504707	0.00982644440167722	0.158426337942099	0.18306099638886	-0.378635749805183
612.5582	DG	(16:0/18:1)	0.0435154956072116	0.0384664006424782	0.051076629912336	0.0488922973204775	0.0684242542892048	0.0617360433314904	0.0634259042550474	0.00289116667574314	0.00568992163125705	-0.50446504485302
698.6682	DG	(18:0/22:0)	0.0955174063614134	0.0834225116391665	0.0875989770446312	0.113806770121605	0.0473862712549837	0.0346412827577455	0.0365972280776953	0.00118375228037935	0.00320878762794653	1.26586822627261
640.6267	Cer	(t18:0/22:0)	0.336342743549788	0.292938267841624	0.194190282325284	0.227054161271231	0.0748489526436162	0.0568909345254396	0.0546963742887309	0.00694444500771258	0.0115561999935294	2.07931922717007
624.6303	Cer	(d22:0/18:0)	4.60515981986583	4.42891625308229	3.06843436985821	4.59792855059456	1.91300624724658	1.20297852862049	1.23164228078343	0.00191632434972762	0.00430174893089898	1.52654843197931
596.6001	Cer	(d22:0/16:0)	1.02951637643146	1.13569875788841	1.19049768969913	1.10013334232618	0.413878793194339	0.289391322817235	0.285974614970043	8.99260101980894e-05	0.000731285101799557	1.75626254554982
696.6889	Cer	(t18:0/26:0)	0.0307929373327731	0.02665762066147	0.0246091775786124	0.0316758536347019	0.00961429183980755	0.0057765093849278	0.0117867210301446	0.000662097068279548	0.00217834989640065	1.65016042361632
582.5848	Cer	(d19:0/18:0)	0.0284222208978365	0.0298120852596934	0.0281017158982955	0.0300429450106878	0.0103375759574635	0.00722343955097062	0.0090404477382729	0.000206590019433563	0.00117158287336665	1.71421533692752
668.6572	Cer	(t17:0/25:0)	0.0402823675280326	0.0323552901485755	0.0244864861673949	0.0361341268468427	0.0154029903484785	0.00973614589680139	0.0136451739185781	0.00457545392856433	0.00823931511336208	1.36564253100068
648.6319	Cer	(d18:1/24:1)	0.00537356970914117	0.00498604133546202	0.00476804498595371	0.0049028003018191	0.0167200225871342	0.0221203054203055	0.0184972360132463	0.0120286308275594	0.0179388923414468	-1.93232282354209
646.6132	Cer	(d22:0/20:3)	0.0216387520213377	0.0185583614217264	0.0141210902364428	0.02376604172093	0.0107213569443392	0.00538417008649185	0.00695138673476739	0.00643210257360957	0.0109143157843533	1.34479457732416
650.647	Cer	(d18:1/24:0)	0.0303422556917352	0.0330348004926008	0.0236860641378535	0.0338589916391511	0.0305830241568614	0.0238390841737227	0.0239350984035798	0.258001781208424	0.284395825321818	0.210902707703784
678.678	Cer	(d18:1/26:0)	0.0275390922144073	0.0279774256449488	0.0214283384692354	0.0317136508234261	0.0276610398043576	0.0199317571289771	0.0197853749215138	0.229538800167178	0.256964215252088	0.274410441909036
544.4957	Cer	(t18:0/14:0+O)	0.00443830948295934	0.00424234468345678	0.00442380565253619	0.00416610135548502	0.00228004577014527	0.00197845882119775	0.00247640505798265	0.00122976524710162	0.0032318830579317	0.943546965237088
355.2854	MG	(18:2)	186.618947000376	226.343302836337	162.560531777084	235.963071970781	78.001247814809	78.9254309571857	67.6986796869528	0.00398781694432992	0.00728283518222965	1.43800763959622
359.3159	MG	(18:0)	314.794055417299	370.728485114693	291.289816284234	355.050087384405	128.337036061179	118.392347200792	115.223314881516	0.000951945837798964	0.00281019627459831	1.46453451228076
387.3483	MG	(20:0)	1.94140963325097	2.28668614980003	1.93375356873818	2.36393840927149	0.847786629092633	0.978821537115656	0.782206974799839	0.000384230538509837	0.0015622958688466	1.29340092304325
329.2698	MG	(16:1)	1.63553496585099	1.71551584379841	1.88769058359197	1.76805289853353	0.552071851033054	0.538841445607356	0.421165733545294	8.49219182579887e-06	0.000238354585456073	1.79718349706748
357.3009	MG	(18:1)	26.2858211811311	34.3831889024167	28.9324544635385	36.5353974154543	10.8205411676741	11.1321783620475	9.51645339684639	0.00231632047333226	0.00496683643784181	1.58794128076205
496.3416	LPC	(16:0)	0.0233668854140281	0.0252833478992683	0.0252464712672901	0.0279808720279089	0.0151433601112684	0.0142382088068445	0.0155007304185008	0.000593228745700338	0.00201324086139248	0.767580555300771
662.5143	LPC	(28:1)	0.00260976205947583	0.00277258235317353	0.00201552084769883	0.00228955299146425	0.00105044358412236	0.00146611175463456	0.0010958749828529	0.00234505805287721	0.00500356445935682	1.0081049712821
636.4989	LPC	(26:0)	0.0311656712832315	0.0347238598835744	0.0426021458134324	0.0388132328913433	0.0157733174850804	0.0139953891195706	0.0137105693745805	0.00193311298118685	0.00431695178700275	1.34536819707859
568.3426	LPC	(22:6)	0.00396718580210778	0.0046609456537516	0.0026724787042901	0.00568783585544902	0.00199715489327198	0.00270553827834369	0.00297997699410604	0.0707630939024235	0.0871639502824237	0.729836669649821
570.3581	LPC	(22:5)	0.000411378608724453	0.000460599866402972	0.000309904016458322	0.000514830662785279	0.000263611961161777	0.000357521796626686	0.000368319568742156	0.145935418694989	0.169995041777136	0.363001624113809
664.5293	LPC	(28:0)	0.00409140018242944	0.00429269268175608	0.00324009134009754	0.00426940084821578	0.00256948509724523	0.00395980795344385	0.00343649318491029	0.252846181825657	0.279427447094508	0.258351551167827
520.3413	LPC	(18:2)	0.00142830027483689	0.00134021141970134	0.00151693105859516	0.00154528784948169	0.000537882205783135	0.000531532852216808	0.000609844858172436	3.24967136968789e-05	0.00037854280009067	1.38081361997518
550.3883	LPC	(20:1)	0.00451866512216674	0.00611087796400358	0.00744751870054905	0.00524361547599234	0.00161728460636792	0.00136930819951011	0.00138411409320299	0.00565117132234253	0.00978174634509892	2.00063364868619
468.3107	LPC	(14:0)	0.000450409480646454	0.000494160849995745	0.000622153914942726	0.000599426094193646	0.000456034381593082	0.000447743711902538	0.00037588253231357	0.0669808189961259	0.0834356444720528	0.344334627145218
522.3578	LPC	(18:1)	0.0206125581516715	0.0228930649199627	0.020890967512494	0.0207240522616915	0.00856761113629471	0.00834729615776741	0.0087093652041772	0.000107588564926935	0.000772844524725148	1.31696050161048
552.4041	LPC	(20:0)	0.0134935586608417	0.0173998705507673	0.0165633199118298	0.015836120813703	0.00484656815173672	0.00304564386256346	0.00349675980772506	9.39609966327309e-05	0.000732101059328722	2.05936797842504
580.4357	LPC	(22:0)	0.00212187854824429	0.00225374045619343	0.00235295217419098	0.00224725207696134	0.00107884946103346	0.000547966017713567	0.000619867316233535	0.00808529692287622	0.0130028469170136	1.58321032117104
774.5478	PE	(18:1e/22:6)	0.0408273781464833	0.0477634568946614	0.0480995159188651	0.0513705495183084	0.0421449709942986	0.0512817756254516	0.0486721222272216	0.924774039003786	0.93125610002484	-0.0107326385847435
816.5546	PE	(20:1/22:6)	0.0362078004153676	0.0380259875898853	0.0383394735369294	0.0367884037832423	0.064133865332018	0.0753801849713205	0.0802256510358808	0.0163107997008021	0.0229737080753128	-0.972023132390146
818.5737	PE	(20:0/22:6)	0.0620696699402627	0.0701747454376409	0.0703621664248178	0.0734186440090348	0.0415061081847778	0.0373463266606158	0.0393977665770529	0.000281961666481728	0.00140204693034372	0.80791997995789
772.5882	PE	(20:0/18:1)	0.0576066978332695	0.062973452653758	0.0574327086716914	0.0607352998256977	0.0211232698414113	0.0232430975282734	0.0219317016696094	1.02245022732908e-05	0.000244820026654907	1.43341335218999
718.4835	PE	(14:1e/22:6)	0.0180227730764447	0.0192612188957653	0.0186264249234582	0.0182306096100155	0.0109091331705622	0.0143780890543162	0.0137391250254265	0.0288625798882684	0.038632832086471	0.51078615343704
696.498	PE	(16:1e/18:3)	0.00159951223123115	0.00167846670027838	0.00526804680199331	0.00253427979441621	0.00194366875428899	0.000450440103825728	0.000586092382891646	0.136936488791273	0.160816421441522	1.47947850498997
762.5062	PE	(18:1/20:5)	0.00249552063344365	0.00269634091247684	0.00202968049939809	0.00220791929404164	0.00442809108976931	0.003961099246694	0.00412129952235219	0.000308881982986693	0.00142624193349873	-0.822928515827959
790.5386	PE	(18:1/22:5)	0.0456740631512058	0.0533825498515609	0.045998027617515	0.0476869812392269	0.127066811113274	0.11907494095679	0.125518243662737	1.68364053827168e-05	0.000259160382855391	-1.36235275877796
788.5238	PE	(18:1/22:6)	0.253087530836821	0.288068882243352	0.253648009584854	0.269053934290981	1.08754239365405	1.06751784331733	1.11410324354321	4.01630275105512e-06	0.000159453138465856	-2.0346529408697
604.436	PE	(16:1e/11:0)	0.00110344350560324	0.00118404180405069	0.0010585103597709	0.00110528218378542	0.000508655537493034	0.000445520833056368	0.000630382275277122	0.00256583856456396	0.00528927357208419	1.07510100274235
744.4992	PE	(16:2e/22:6)	0.0122334823481792	0.0111508887223919	0.0122128189442201	0.0128544815170035	0.0093861686767541	0.0113100077132705	0.0113644962004459	0.144768755226526	0.169093044722582	0.18070424704206
784.493	PE	(18:3/22:6)	0.00593237629102079	0.00596696457163624	0.0117134278530609	0.0061989329724057	0.0303585792872781	0.0131136922597572	0.0150233373095104	0.150704900706953	0.174607022055636	-1.38748709946554
810.5087	PE	(20:4/22:6)	0.0174481216241902	0.0201029849105738	0.0167935555384907	0.0165378526937086	0.0489525669774923	0.0455484953299153	0.044174038561871	0.000231668642483359	0.0012481148113791	-1.38324458033849
672.4995	PE	(16:1e/16:1)	0.00582444950056664	0.00620823207490052	0.00462814340481582	0.00669928441832643	0.00163686861069278	0.00163363148538637	0.00203098120287175	0.00159951202793382	0.00382994268910819	1.72454210347544
748.5303	PE	(16:1e/22:5)	0.15627583291463	0.175513665720594	0.160444409795667	0.184960217502953	0.147476241442978	0.160717371215117	0.17012485370878	0.341736674223511	0.369144126792815	0.0865604695894094
702.5098	PE	(15:0/18:1)	0.00284440464476225	0.00313545290811576	0.00275164794812198	0.0034615845866397	0.0113141771125866	0.0103551483428619	0.0098123976758134	0.00130481725260023	0.00333434985049702	-1.7834882135927
786.5084	PE	(18:2/22:6)	0.0339554327352981	0.0357415835529879	0.0391604897838101	0.0325967230680806	0.0669924847971252	0.0631707260310584	0.068124615327222	3.99842419447227e-05	0.000447738500132558	-0.902298295087939
742.5414	PE	(18:1/18:1)	0.110448351783828	0.116087997004217	0.115750058692809	0.11860473311646	0.109172828046168	0.0931674643928808	0.0979697962356898	0.0716418885979309	0.0879705241758068	0.202935594815501
766.5396	PE	(18:1/20:3)	0.00178398081419266	0.00167729663399066	0.0047753748379894	0.00228174456092592	0.00364395727566715	0.00131993678422422	0.00164763227973329	0.696545367763899	0.718208261976652	0.254822058462166
812.5261	PE	(20:3/22:6)	0.0177672663097715	0.0191173850268116	0.0252973600738419	0.0189878036154204	0.0509227293121965	0.0335053378917923	0.0358026768206986	0.0574668931767781	0.0727631741368328	-0.981828120966598
740.5249	PE	(16:0/20:3)	0.00112162705634587	0.000849462340658745	0.00308574626249516	0.00159153441910123	0.00572186376254195	0.00221772854198584	0.00253759343829048	0.238129315583409	0.265203449654908	-1.07121615214337
688.4932	PE	(16:0/16:1)	0.01138619035206	0.0119564669667171	0.00770180348390898	0.0129777599719411	0.051747503542087	0.0562600153563846	0.0567308991369898	2.74217873778272e-05	0.00035444737616331	-2.31891070779486
774.5462	PE	(18:2e/22:5)	0.0165176713315431	0.0179496175557671	0.0217501650343732	0.0185294228669973	0.0175459304228858	0.0195316081928475	0.0197866957882519	0.846641756163183	0.858594345661957	-0.0205457335675205
762.5084	PE	(16:0/22:6)	0.295874324466621	0.324285900252296	0.241292273091357	0.312709515373104	1.41923294791668	1.58752716917279	1.6303762160974	0.00137241806858778	0.00347013345276651	-2.3966401541964
688.4934	PE	(18:1/14:0)	0.0008317948737552	0.00101212634419182	0.000396421943257876	0.00100382962168983	0.00286371566180219	0.00294614682849965	0.00281482073110455	0.000408063568560994	0.00162847590786841	-1.82565830908636
740.5242	PE	(18:1/18:2)	0.0326622575014568	0.033338097176503	0.0364446927969508	0.0337882688222994	0.0330889851843407	0.0251683074761538	0.0275623639025799	0.133642813958426	0.158241903340884	0.25166203017882
690.509	PE	(16:0/16:0)	0.000267161732869446	0.00037621762740198	0.000134468745824271	0.000410956436708523	0.0184220440064395	0.0174351612336421	0.0186791765819597	0.000327197818802856	0.00148439184100187	-5.93467304900373
744.5559	PE	(18:0/18:1)	0.156395857274445	0.168190179509855	0.144812929687994	0.158261706360741	0.118065225081159	0.127342985489096	0.127903073611287	0.00272053437234632	0.00547065322118967	0.334568199881711
834.5088	PE	(22:6/22:6)	0.0382697893700427	0.0422132028376894	0.031948176259189	0.0357208172607698	0.0710468331466134	0.0937981528597819	0.0915078664313782	0.0152689590910768	0.0217911303584573	-1.20609048664428
790.5407	PE	(18:0/22:6)	0.921667645152932	1.04507223696658	0.916900565709021	1.0033336858753	0.744366413094857	0.768120516584469	0.773672210319014	0.00487241333749948	0.00864201707186121	0.350684174517287
734.4783	PE	(14:0/22:6)	0.00274236395038906	0.0032869979766435	0.0021809297288681	0.00321474312282163	0.0134928761112742	0.0143544638547273	0.0143167052141076	2.10463590113722e-06	0.000159453138465856	-2.29885222677326
760.4929	PE	(16:1/22:6)	0.0198778379127073	0.0216669131939456	0.0164561693399747	0.0194616121655523	0.0500040049802773	0.0506730887588452	0.0531381384254375	3.68846295431e-06	0.000159453138465856	-1.40466530256947
776.5629	PE	(18:1e/22:5)	0.0104026720150706	0.0118411047107647	0.0122160262475603	0.0136332282972816	0.00721150087666881	0.00811247056442398	0.00788714549912704	0.00420112178193761	0.00760791381518954	0.635974413716171
764.5245	PE	(18:0/20:5)	0.227071131940002	0.256541765905801	0.190651348286264	0.250848447497858	0.107300749354253	0.11559587425931	0.112410396342649	0.0035447477800336	0.00666821936014774	1.04910893297792
722.5151	PE	(16:1e/20:4)	0.061069059155749	0.0674755562070188	0.0694503918325859	0.0702893033950703	0.020645090618019	0.0205075695067982	0.0205400263170841	0.000196598076707653	0.00114505096028376	1.70555381251445
648.462	PE	(11:0/18:0)	0.00454922712277924	0.00499124497219772	0.00526157129121797	0.00471413520811927	0.000621923214076037	0.000648711655130376	0.000704072121333975	8.32947018582925e-05	0.000710835742079188	2.88992258597828
710.4777	PE	(18:4/16:0)	0.0005832923585273	0.000636654881943664	0.000294819858042319	0.00057186799145399	0.00271087773383457	0.00271087228834386	0.00260907226464047	1.23102446832001e-05	0.000246529458361397	-2.35940688955293
738.5094	PE	(16:0/20:4)	0.020560241067916	0.0232639082447155	0.0196420063291438	0.0231740717513307	0.0438071333712001	0.0478883660907609	0.0469513853498372	8.83655867144725e-05	0.000731285101799557	-1.09334376630584
714.5091	PE	(16:1/18:1)	0.0333343613035587	0.0357818111921723	0.0310426110736866	0.0363133090223811	0.059318324049037	0.0549965657220053	0.0581030330452412	7.04595263321649e-05	0.000650052448906823	-0.752341287260967
792.5557	PE	(18:0/22:5)	0.114571051479284	0.13319215325108	0.117526650820044	0.126425293937349	0.0814675154836253	0.0832591664943203	0.0842103906460239	0.0020245420374678	0.00449782277396197	0.567004207479794
800.6202	PE	(18:1/22:0)	0.00497586651592867	0.00585672631360063	0.00559870450349323	0.00551133695970982	0.00257650690723899	0.00263368891300711	0.00249609737548276	0.000361217782186311	0.00151150353516796	1.09459025630292
748.4923	PE	(15:0/22:6)	0.00117421642799526	0.00132736666111639	0.00035447776153911	0.00106944049567861	0.00718542625946743	0.00722878829412892	0.00697850784466949	2.10126785807568e-05	0.000301882148943539	-2.86120876314499
756.5583	PE	(19:1/18:1)	0.00223566673721244	0.00244800839031425	0.00260503117781466	0.0025485323816144	0.00261740047226219	0.00238403295249796	0.0023299765662905	0.902582285330597	0.91103738870606	0.00912522162852488
820.5882	PE	(20:0/22:5)	0.00690046137876846	0.00759764199671407	0.00777786051771833	0.00795581004984773	0.00431105766455909	0.00383935111239212	0.00399407115212182	7.78698155520443e-05	0.000695802554975607	0.900727426941368
620.4307	PE	(11:0/16:0)	0.000510504802713476	0.000468752022291839	0.000441172398276043	0.000628121547845813	0.000482958799032861	0.000497682504977405	0.000642406447630244	0.680590853211715	0.703440426221221	-0.079139296371868
720.4986	PE	(16:1e/20:5)	0.183806014289394	0.217420985466388	0.143662613432438	0.219373718607887	0.082228773365027	0.111801073364017	0.0972299512932512	0.00783530838702998	0.0126480071715727	0.976725731343917
686.5148	PE	(16:1e/17:1)	0.00609799929711337	0.00666270945374578	0.00525367812050874	0.00682558869745901	0.00254037102253862	0.0026899601161478	0.00245373026796423	0.00151115000199203	0.00371834391496518	1.27768530196749
766.5411	PE	(18:0/20:4)	0.112151781827779	0.120549793591765	0.124329939938677	0.119620068000757	0.0461836853489145	0.0445016506615364	0.0442607577444181	4.35949642938427e-05	0.000465451627900983	1.40551437339511
728.5257	PE	(17:1/18:1)	0.00511704715674292	0.00571917576671754	0.00654705153626673	0.00572484457726158	0.0112804962096299	0.00971107942069003	0.00940784154512593	0.00662846479440243	0.0111162191688228	-0.810681331961514
808.4941	PE	(20:5/22:6)	0.00655359049797467	0.00737168038176013	0.0051312580786434	0.00594379302764757	0.0123052108541716	0.018252112579232	0.0161237125835944	0.0262873665016578	0.0357408673886893	-1.31592740330244
662.4776	PE	(16:0/14:0)	0	0	0	0	0.00834387750443618	0.00931071859363087	0.00869110733067639	0.00103518367897786	0.00293529056341748	-Inf
716.5246	PE	(16:0/18:1)	0.0164219119951605	0.018213373303396	0.0138067287700737	0.0176563824443838	0.0263550253686589	0.0278208799711053	0.0278880068451877	0.000402228871292777	0.00162019293016063	-0.727170158218877
736.4938	PE	(16:0/20:5)	0.036014152889009	0.0393122812885035	0.027298782947142	0.0372890821634802	0.0545666521457909	0.0607861678748478	0.0602372523107708	0.0008755140963945	0.00263878724158063	-0.742705364122286
746.5135	PE	(16:1e/22:6)	1.01256427038865	1.16469924654261	1.00744676897953	1.16190580829777	1.08629261753104	1.19041004435375	1.21292670480673	0.251384852090621	0.278526661313773	-0.0982186370882656
712.4936	PE	(16:0/18:3)	0.00272332224546228	0.00240698665953207	0.00428982115720936	0.00303726622330081	0.0112332719456178	0.00515334972579698	0.00598306419581786	0.144523755207065	0.169093044722582	-1.25957993349419
686.4774	PE	(14:0/18:2)	0.000219436487344407	0.000186652841385338	4.6445462830727e-05	0.000188566430835392	0.00286579547096757	0.00268329242840401	0.0028242476198029	4.01682534847394e-06	0.000159453138465856	-4.12221586964792
772.5298	PE	(18:2e/22:6)	0.134319441116568	0.144814410944869	0.15862275519705	0.138183511545168	0.199111154095211	0.223935597038349	0.22450913913042	0.00297698950193427	0.0057796507897913	-0.584123395123664
770.5716	PE	(20:1/18:1)	0.0382438441077693	0.0410869429724109	0.0403670814231261	0.0398957328379622	0.0278426714849651	0.0241143074828045	0.0250343602471274	0.00122335389699044	0.0032318830579317	0.636597240081249
718.5405	PE	(18:0/16:0)	0.00390470223198425	0.00443032544020793	0.00421799930046622	0.0042136270220835	0.0240968042982388	0.0242057843002076	0.0249171796166126	1.53652611548924e-05	0.000246529458361397	-2.54167589697637
698.5137	PE	(16:1e/18:2)	0.0184040490266967	0.0185423767729253	0.0187862072851278	0.0192901949868735	0.00553282721609857	0.00420370846149597	0.00643448555573033	0.00110998624109446	0.00306669275584432	1.79888135793696
829.7137	SM	(d19:0/24:1)	0.00313476990536203	0.00315637519935069	0.0047607957179803	0.0039724568864133	0.00086046683235395	0.000627552773191177	0.000686290959738423	0.00364218015304925	0.00676629157743202	2.37363973277358
787.6717	SM	(d18:1/22:0)	0.287276643013082	0.314601589851074	0.333917384202434	0.310695064657462	0.0908986581394541	0.0940025670065389	0.0984949697242133	0.000103039521502333	0.000752712436737379	1.72194230597834
797.6546	SM	(d18:1/23:2)	0.00190465779655963	0.00203248821384078	0.00254344123996084	0.00197967618310297	0.000378426685245247	0.000853944170755727	0.00086115313813734	0.00170379733476748	0.00401276858625565	1.59973163394576
801.6871	SM	(d18:1/23:0)	0.0101094124126473	0.0107248295063321	0.0157842290895515	0.0111889713328288	0.00350931733050774	0.00304048077601702	0.00335227851887922	0.00650278900579279	0.0109909884764576	1.85639470699247
725.5589	SM	(d18:1/18:3)	0.201250441216761	0.221638745533091	0.239353253970415	0.209582468354918	0.0360997444853201	0.0342349923408331	0.0331404763421631	0.000176682415341666	0.00107064561984417	2.65971570386236
685.5304	SM	(d18:2/15:1)	0.000151918390030968	0.000143961569693775	0.000208490503884003	0.000167095499070066	9.88127114659375e-05	0.000150186760473666	0.000145712321906022	0.163926445113474	0.1879050474572	0.35147714340594
815.7032	SM	(d18:1/24:0)	0.147559052503213	0.161466463885817	0.156928204135998	0.162781043604076	0.039457117509203	0.0302220921945917	0.0328886543560369	1.10856423259574e-06	0.000119447796062191	2.20083525053301
833.7101	SM	(t18:0/24:0)	0.0055788662438982	0.00551609180772783	0.00469639099397738	0.00618679589169965	5.64983915533605e-05	7.69751702653459e-05	0.000135822878874068	0.000371948425554731	0.00152675972775323	5.93569314964061
675.5453	SM	(d14:0/18:1)	0.236238564699559	0.273659545749283	0.253968738849689	0.263322773335338	0.102076249240366	0.116208985686142	0.132628014417232	0.000138575960628115	0.000932512773466857	1.1344787079273
713.5595	SM	(d18:2/17:1)	0.00125865486065491	0.00114178511916575	0.00277791332209267	0.00158169851177051	0.000566698978502378	0.000249118397877842	0.000244559543822788	0.033039132044885	0.0431754301547694	2.2574196306188
721.5864	SM	(t18:0/16:0)	0.00883544743283108	0.00900094732632682	0.00984231164591866	0.0098276918594658	0.00322620720946937	0.00283322686424531	0.00369012617067712	1.54438407790202e-05	0.000246529458361397	1.52869017608803
711.543	SM	(d17:1/18:3)	0.00844715355125018	0.00849601170123919	0.0142410544146601	0.00905209315272637	0.00948300230789043	0.00625596107717473	0.00700988076448489	0.207751328505708	0.23440005912555	0.407667361057923
841.7194	SM	(d20:0/24:2)	0.00728473964966203	0.00775038994388221	0.0111181052698208	0.00741259735420588	0.00250748709953162	0.00317099852504256	0.00327484334781406	0.00744148517379594	0.0121487882950987	1.4914598118281
647.515	SM	(d18:1/12:0)	0.000861829217899155	0.00103484211473064	0.00154185316756569	0.000997301268647124	0.00049533946029036	0.000661306245466121	0.000717154904829565	0.0402973481628363	0.0520004702340792	0.828197755599164
699.5422	SM	(d18:2/16:1)	0.0259517153605785	0.0256531708137475	0.0214403705231689	0.025456226589441	0.00830219434896407	0.00628640263973192	0.00756911877970965	6.84248520341417e-05	0.000650052448906823	1.73729878821364
697.5272	SM	(d14:0/20:4)	0.0882705416222121	0.0906955787276724	0.072606014530024	0.0869023945492673	0.0465859340078777	0.0504667414599583	0.0564466477004322	0.00120462028754499	0.00322479095609869	0.72577747999227
813.6881	SM	(d18:1/24:1)	0.0444530720991371	0.0455203780666206	0.0534765335086114	0.0420946423140328	0.0300522550546816	0.0475148403328075	0.043120603026621	0.368738507293692	0.394358056187546	0.205450085932254
677.5604	SM	(d14:0/18:0)	0.0703677793760813	0.0780177997196899	0.0799652960603731	0.0792123199746169	0.0149573706860243	0.0126434959579014	0.015016311303977	2.22605373805158e-05	0.000309493277774269	2.43633840467444
705.5921	SM	(d18:0/16:0)	0.0663555808650111	0.0695794111456113	0.0819721075195146	0.0738613944591446	0.0223521005156877	0.0188601285383179	0.0216915800027065	0.000252485544361384	0.0012991756262733	1.79856732063356
835.6701	SM	(d20:0/24:5)	0.0133021623786078	0.013760960214465	0.0153922865686363	0.0124617448687981	0.0104724855696071	0.0167466059708707	0.0158135398240264	0.788164473744791	0.808806876628583	-0.0632116976573746
661.5301	SM	(d18:1/13:0)	0.00164756938987877	0.00191058881186207	0.00219574267857284	0.00174953688450673	0.000656224290612018	0.000745518619912071	0.000796397044121865	0.00122494069200001	0.0032318830579317	1.35623098598965
741.5928	SM	(d18:2/19:1)	0.0263863251205135	0.0278788599704151	0.0424914728544499	0.0314906748958239	0.0183377368082324	0.0283595410559685	0.027193766793481	0.184099743063643	0.208807866474816	0.380419892781973
731.6094	SM	(d18:1/18:0)	0.0188721021248224	0.0214532827848262	0.0243045378699508	0.0196809359217836	0.0106158678384031	0.00994874990573404	0.0106915661615607	0.00239957147995086	0.00509465668895971	1.01653930456945
781.6235	SM	(d18:1/22:3)	0.016444149408737	0.0170593786892569	0.02225478850476	0.0163355095070748	0.00744595964700875	0.00993491562100208	0.0114283405643158	0.00588812605560977	0.0100705648014596	0.908307825744501
807.6368	SM	(d18:1/24:4)	0.00532721250393628	0.00533488629220218	0.00675984751547303	0.00517159534459373	0.00467048709275274	0.00852160555792165	0.00911699120331797	0.327150267862278	0.354275792584527	-0.396758329811564
825.6841	SM	(d19:0/24:3)	1.16652062042182e-05	6.17091389015907e-05	1.27083497216429e-05	7.52659948000964e-06	1.86111013455807e-06	2.10093719226431e-05	1.22175483015831e-05	0.448797559572288	0.476432877279942	1.00063531500594
799.6709	SM	(d18:1/23:1)	0.00192596934419751	0.00197216920618295	0.00234137852005474	0.00181869002715719	0.00158261666810002	0.0023172063454621	0.0024091314902963	0.778374075508073	0.800666411799473	-0.0619795627895204
759.6405	SM	(d20:0/18:1)	0.050484088662599	0.0542462878798353	0.0703327000424555	0.0522036314229266	0.0215436719435831	0.0286699426439108	0.0331550529100646	0.00384750568409301	0.00708664508480379	1.03177168031479
809.6537	SM	(d18:1/24:3)	0.0926926487826014	0.100254251300368	0.108711397074535	0.100780945578839	0.0335251392009472	0.0336999421130121	0.0372574918050488	7.08873900200016e-05	0.000650052448906823	1.53047116103928
805.6805	SM	(t18:0/22:0)	0.0119826297790724	0.0127621352493146	0.0117977006298969	0.0127103743917173	0.000454108872186062	0.000489891898810618	0.000567103064932845	1.51174775226639e-05	0.000246529458361397	4.61149471310781
717.5917	SM	(d17:0/18:1)	0.0160034679510831	0.0158485208616288	0.031458189891657	0.0204268910320594	0.00995739271179497	0.00549765207301885	0.00768245542869185	0.0306708850235156	0.0406743121388777	1.44059593114562
707.5717	SM	(t18:0/15:0)	0.00102953438038533	0.00116142642342162	0.00309917543342371	0.00141963443521818	0.000576965421312498	0.000166250457151654	0.000222967130911379	0.0626804018368137	0.078532712766473	2.38085757147011
785.6569	SM	(d18:1/22:1)	0.0174559251260531	0.0178402837520841	0.0227294398156785	0.0174356803236096	0.0129342365532514	0.0223634806838601	0.0240228015393109	0.823779060046643	0.841347807772756	-0.0678312049708487
773.6562	SM	(d18:1/21:0)	0.00541381800114241	0.00591174081166957	0.00935072047774689	0.00606194372950357	0.00212404730439848	0.00227544171956188	0.00263198808112709	0.0155584222887776	0.0221309571170402	1.51196639636444
703.5769	SM	(d18:1/16:0)	0.546301576959806	0.584024315404649	0.589865253009761	0.60956089900462	0.287505622997681	0.299377906777717	0.322550535827805	1.44591062209511e-05	0.000246529458361397	0.942097966956162
819.6355	SM	(d19:0/24:6)	0.0129526480311415	0.0153717463297609	0.0160917854679585	0.0125847178829292	0.00228223668240834	0.00236156963612897	0.00224889674326616	0.000826905382391818	0.00252763276461612	2.63280537094926
837.6841	SM	(d20:0/24:4)	0.0521948537803898	0.0581996322082928	0.0540552207328366	0.0565818031216743	0.0115275907511295	0.00990580929451406	0.00973021913228628	6.36116060704357e-06	0.000195832872973984	2.41127985772082
854.5696	PC	(20:4/22:6)	0.0263537633383856	0.0266869042926742	0.0253743487034456	0.0251942079023738	0.0384581625425975	0.0386155106888005	0.0398847631944227	1.36878770370956e-05	0.000246529458361397	-0.589880978357251
690.5451	PC	(12:0e/18:1)	0.00645148231631478	0.00671919110061024	0.00632988746988937	0.00630925899517136	0.00196170493005586	0.00256906836314812	0.00208100998817233	0.000242608137176168	0.00127517203808449	1.54977123172146
698.478	PC	(10:0/20:4)	6.63853181757606e-05	5.63418689795031e-05	5.40350601620893e-05	5.83279275980833e-05	0.000187562481477973	0.000178566726311576	0.000182017292762616	6.82668127726269e-07	0.000109145658726246	-1.63638478042097
852.553	PC	(18:2/22:6)	0.00729538935442139	0.00658842275095159	0.00671415469439009	0.00690653186097953	0.0167094517548804	0.0137457071075935	0.0149368739704069	0.00899592549736732	0.0140990686886011	-1.13780899208546
714.5094	PC	(11:0/20:3)	0.000600688738426018	0.000614160900457346	0.000631131690778945	0.00052802198103368	0.000486182491468352	0.000561921974156719	0.000581476492462617	0.241703570907945	0.268490306859084	0.127783420236535
846.6009	PC	(19:1/22:6)	0.00798740717254726	0.00800023470920261	0.00617603741925056	0.00702949991313449	0.0115590787842595	0.0144346430202145	0.0138757305492323	0.00896378715441322	0.0140990686886011	-0.864689955222329
728.5242	PC	(14:0/18:3)	0.00547493835718101	0.00520812489995063	0.0056780624910858	0.00540058085165323	0.0104366594215276	0.0097894080096945	0.00988988453767593	0.00028745907494231	0.00140789615113791	-0.883773662410824
678.5084	PC	(16:0/12:0)	0.00603637061778482	0.00750066000729826	0.00390594979239515	0.00683297783235582	0.0228484570370003	0.0284921601843207	0.0262589859786997	0.00190054918726225	0.00430174893089898	-2.09155853002995
822.603	PC	(19:1/20:4)	0.0175161988322661	0.0184028093362807	0.0185511596954812	0.0182929506013665	0.0160637359313563	0.0152885467922272	0.0154429817161092	0.000685742870649465	0.00220562611202675	0.221807335564812
828.5547	PC	(18:3/22:6)	0.0199936277818196	0.0206033355851516	0.0248118334022646	0.0205471882766488	0.0353076759115027	0.0202744826389705	0.0222822594860501	0.445161514570189	0.473739784641362	-0.272403608085661
888.6513	PC	(22:1/22:6)	0.00159540938056883	0.00205673958983403	0.00142784176752893	0.0016786102428144	0.00269726519882581	0.00380861950664658	0.00391006531999443	0.033118943073145	0.0431754301547694	-1.03903538399554
814.5764	PC	(18:3e/22:6)	0.000473003664592716	0.000444635556518335	0.00126910593458092	0.000562049124737878	0.000933975872468467	0.000610018418161083	0.000658973595803649	0.8400941650405	0.855982470762306	-0.0956870240175521
730.5401	PC	(16:1/16:1)	0.0519046793221893	0.0552009601331516	0.0556545633416552	0.0587493520972599	0.117783482129814	0.103175314176542	0.108798189758299	0.00304417752492813	0.00588358974548889	-0.989071791995008
808.5861	PC	(16:0/22:5)	0.729886667917045	0.798788151285365	0.694650472336264	0.769386498479372	0.376633840803854	0.371458813340203	0.369371981654349	0.000442275004834519	0.00167210988669893	1.00618667358684
860.618	PC	(20:1/22:6)	0.0471213090568467	0.0489003283765795	0.0474114617669353	0.0465294646120319	0.0635556125146766	0.0731042201572383	0.0781630514949071	0.0286895577416154	0.0385208703633527	-0.592470052303878
818.6074	PC	(18:1e/22:6)	0.0101065705589965	0.0104617105288377	0.013273724393636	0.0108195670119229	0.0133561888286949	0.0153364444614834	0.0159390633307626	0.0196847679432305	0.027105862567196	-0.414072101213237
866.6643	PC	(20:0/22:4)	0.00150411932440021	0.00184768909770275	0.00161318426634653	0.00180742361210989	0.000978773504295818	0.00094740383645488	0.000880085441010074	0.00126519312742465	0.00326525890970074	0.855983048221446
820.5882	PC	(17:0/22:6)	0.0269172456882568	0.0277262250962888	0.0290682509107959	0.0263572639464875	0.0463077358589364	0.0402974171116547	0.040368716534758	0.0121207048192086	0.0179519717425392	-0.621161113353971
766.5759	PC	(16:1e/20:4)	0.0558897117603632	0.0602563172868899	0.0539729522400571	0.0598962125184144	0.0393044423448433	0.0573403184262535	0.055732325290107	0.364625737177128	0.390929583888911	0.179045691558651
718.5403	PC	(15:0/16:1)	0.021228455831445	0.0230901554900766	0.0215997546354948	0.0233722278230965	0.0511390124706514	0.0453265344096182	0.0442432751652812	0.00516322859938828	0.00912029314072275	-1.07117017425818
692.5611	PC	(14:0e/16:0)	0.00439371648327072	0.00437458926552882	0.0048688937020729	0.00509989782280444	0.00353684424608839	0.00501183138644447	0.00468478848451491	0.615306567491514	0.63902923033456	0.0866692060334825
726.5098	PC	(12:0/20:4)	0.00212543956486938	0.00225599964200312	0.0022155237068044	0.00225540298063848	0.00346912155565462	0.00329086940934269	0.00326885775238534	0.000589446128146807	0.00201324086139248	-0.595058509233808
892.6799	PC	(24:1/20:4)	0.00144969766522208	0.00176842727809102	0.0012020864560685	0.00176794597611635	0.000608634638698102	0.000543708447146434	0.000521662570307485	0.00460713443693796	0.00823931511336208	1.47116798570064
742.5406	PC	(15:0/18:3)	0.00797194206747988	0.00742958624111018	0.00926990539754856	0.00743969239918217	0.0130102054049175	0.0103945367625413	0.0101323854989642	0.0558395963116994	0.0709937050452579	-0.477723372030559
702.5443	PC	(16:2e/15:0)	0.00176750084374916	0.00164208325954281	0.00184181867233693	0.00159979408010133	0.00050129166886229	0.000456287471658406	0.000452495325427864	8.41128140279318e-05	0.000710835742079188	1.86554718617573
890.6667	PC	(22:0/22:6)	0.00382331645590991	0.00435271542745064	0.00277689428678639	0.00429382814967445	0.0024412588985863	0.00194383771078006	0.00198565736294798	0.0130106123677202	0.0188807203046714	0.84392863058279
878.5709	PC	(22:6/22:6)	0.0635441789248175	0.065902148395817	0.0506708256973577	0.0619093373018943	0.0886052362297455	0.0870618007058091	0.0934890060109816	0.000992511064912807	0.00289035316876635	-0.568315353394893
788.6186	PC	(18:0/18:1)	1.29305696158121	1.40578571858032	1.28070737942788	1.37945574151605	0.468929184648028	0.502443666737914	0.497875516764721	2.84718707380015e-05	0.00035444737616331	1.45184958251348
834.603	PC	(18:0/22:6)	0.506360026916278	0.53554383048379	0.445328643304542	0.544567305993091	0.396280288221785	0.421281319470414	0.425671296462458	0.0187735736714196	0.0259340072191726	0.293624168439664
764.5577	PC	(14:0e/22:6)	0.0639829021692992	0.0670360961483078	0.0413202667198339	0.0574283953589572	0.0615928871240955	0.0649247942360167	0.0578338857924437	0.548866005099079	0.574177786887629	-0.0973214257881375
734.5719	PC	(16:0/16:0)	0.133876719480061	0.143716839963637	0.147794485066222	0.146868549188698	0.633242801772198	0.616626627485291	0.607266629594341	2.87834296188302e-05	0.00035444737616331	-2.11338292807655
880.5867	PC	(22:5/22:6)	0.0408110744824651	0.0435729488748436	0.0320654758616812	0.0405291601164787	0.0802040180580702	0.0821830677049943	0.0898168730430291	0.000178854952734989	0.00107064561984417	-1.09905997745565
692.5238	PC	(15:0/14:0)	0.00426389929111463	0.00524528423397028	0.00417205549297872	0.00506207995138394	0.015379969046588	0.0159792988903484	0.0149593484370691	3.03489074536609e-06	0.000159453138465856	-1.72025321662607
884.6122	PC	(22:3/22:6)	0.0032854340203666	0.00289728937727359	0.00305869188994701	0.0027441170450543	0.00221235186178552	0.00182778761489066	0.00214849181421929	0.00291065973233418	0.00570224702107286	0.538564211782619
774.5089	PC	(22:6/14:2)	0.000167186603503687	0.000165023965582242	0.000166120839832017	0.000174002138048143	0.000352387555942478	0.000328285191310074	0.000326562271112396	0.00151611439138543	0.00371834391496518	-0.998188804604765
792.5552	PC	(15:0/22:6)	0.0163509972838248	0.017236660650277	0.0149879670095196	0.0177382644941326	0.0353335084318608	0.0346365330864202	0.0349037145786108	1.92216714004291e-05	0.000285673805985687	-1.0763082188644
814.6338	PC	(20:0/18:2)	0.150478523945793	0.151863635121919	0.166257372576028	0.151438078735868	0.0925467635720909	0.0895915149432797	0.100470278226484	6.57768516740891e-05	0.000644314160716646	0.718513082347284
766.5407	PC	(15:0/20:5)	0.00767618901581604	0.00781621137422067	0.00733939769397733	0.00742623925949175	0.0085025512510915	0.00883343852704006	0.00856428544897567	0.000893192243145532	0.00267337400552586	-0.190686516291858
802.6341	PC	(16:1/21:0)	0.0188654491316965	0.0203569928881707	0.0245203334006154	0.0192426512060348	0.00917002739826251	0.00914087578715823	0.00893937891524976	0.00284679559480835	0.00562829771267156	1.19154933743545
836.6195	PC	(18:0/22:5)	0.0389646508563537	0.0445130587751258	0.0401659977673638	0.0420145131792365	0.0185544061278841	0.0182741475781715	0.0181587211486275	0.000283011793364045	0.00140204693034372	1.17600260367191
764.5248	PC	(22:6/13:0)	0.000539386991771985	0.000517608305473322	0.000415512371139826	0.000491030658126242	0.000599641721945227	0.000628658964828824	0.000613379610890193	0.0156847189636408	0.0222372166885828	-0.322604382657039
744.5558	PC	(15:0/18:2)	0.0233708429177295	0.0242167309625342	0.0293650633279734	0.025811217388919	0.0490045596186335	0.036409370609169	0.0373807273683705	0.0519924217654033	0.0663413537022952	-0.671952383489446
858.6017	PC	(20:2/22:6)	0.00350614004307835	0.00317672761190544	0.00319265776577806	0.00329726294895391	0.00824973394418062	0.00679077625278825	0.00752823902050566	0.00814826401991245	0.0130553969984471	-1.19180320187542
840.6504	PC	(16:1/24:2)	0.00269866433841242	0.00258319325805125	0.00329921797643788	0.00259966600524718	0.00238353492768987	0.00197993476349338	0.00224225964188774	0.0360942716072137	0.0467166097979253	0.344188618683667
746.5727	PC	(17:1/16:0)	0.105517791082058	0.116577279353421	0.125334563801165	0.122672997823744	0.178784147545804	0.156680840591507	0.1539814670489	0.0122929703230775	0.0181447609905699	-0.473212780687154
702.5091	PC	(18:0/12:2)	0.000963562184170259	0.00101350203951423	0.000917691860486038	0.000945232969406246	0.00143624969123613	0.00147702343804354	0.00144934879573733	8.90441482498764e-06	0.000238354585456073	-0.599130752746823
770.5708	PC	(17:1/18:2)	0.0173580058784738	0.0179901001432854	0.019451955227466	0.0182286315040394	0.0172630156363037	0.017056852632738	0.0166954956531952	0.0588319049653469	0.0739258047815292	0.102494108243357
778.5402	PC	(16:1/20:5)	0.0239417312967096	0.0258520406633539	0.0233382818493169	0.0255702138297323	0.0237461712305238	0.0216542501050376	0.0229058009497113	0.0802869248911121	0.0980273785497714	0.116028725710438
800.6198	PC	(19:0/18:2)	0.018938853110704	0.0200523873132053	0.0210613243727425	0.0194202466214898	0.0150950867534106	0.0140484419917208	0.0140611147962067	0.000223833348362913	0.00122116674866349	0.464237504159421
818.5698	PC	(17:1/22:6)	0.0197472100304171	0.0204081219402157	0.0199121228180483	0.0200881939691036	0.038858672084273	0.0381381400952117	0.0408204157771062	0.00130743648430162	0.00333434985049702	-0.970711914376375
852.5561	PC	(20:5/22:6)	0.0510504987421867	0.054584284496182	0.0397684833802208	0.0501652991524058	0.0492477101591282	0.0603251183580895	0.060282514395448	0.180789753846086	0.205594680495153	-0.211669598230559
706.5397	PC	(16:0/14:0)	0.0661678575569698	0.0752860443715181	0.0585150780656304	0.0758812932883411	0.376895034427035	0.416329484519489	0.391875170936273	0.000368327722269346	0.00152643507978931	-2.51808860730812
778.5391	PC	(16:1/18:2)	0.01317461906096	0.0136831043199519	0.0209311643740805	0.0156375811059029	0.0375707294400956	0.0175329283005026	0.0198498047948684	0.28331490801222	0.310660291844107	-0.655947600141985
700.4935	PC	(8:0/22:3)	0.000107265413816837	0.000100860909349701	8.44676135275002e-05	8.68279022235759e-05	0.000194508028858449	0.00019459437606173	0.000198938445768694	0.000173580721852399	0.00107064561984417	-1.04715116022612
826.5405	PC	(18:4/22:6)	0.00796450569558426	0.00879289972222309	0.00632439376514976	0.00823948260694725	0.00711459252955997	0.0085044332020797	0.00840711147974151	0.807523697107246	0.826704782549223	-0.0324989633250973
704.5244	PC	(16:1/14:0)	0.0311988498758519	0.0349711655605427	0.026752829453413	0.035662381630185	0.0819867671743235	0.081436085596859	0.0815351055524689	0.000142797779695621	0.000932512773466857	-1.34484676537404
720.5558	PC	(15:0/16:0)	0.0147608486734654	0.0171461986222804	0.0167314435166883	0.0160457906028879	0.0674038672073712	0.0649051786189602	0.0600799162677105	0.00120169976537161	0.00322479095609869	-1.98757645097503
776.5254	PC	(22:6/14:1)	0.00171485260496592	0.00173705513752632	0.0016083369821662	0.00164108468271148	0.00480927583067749	0.00429295783361781	0.00445916125329049	0.00207185673355973	0.0045793346264833	-1.4320238497904
566.3842	PC	(4:0/16:0)	2.47929236298981e-05	1.48755582199734e-05	1.96220830265017e-05	1.58066322115386e-05	2.73590387019828e-05	3.84000664218308e-05	5.00484056897864e-05	0.080750811218005	0.0983152532061021	-1.03993535608194
832.5856	PC	(18:1/22:6)	0.660507818026087	0.68907071420753	0.579732645894885	0.69367524082058	0.906553137890663	0.857895121823816	0.900784191574659	0.000900147374376516	0.00267561047142261	-0.438088526272344
780.5551	PC	(25:1/11:4)	0.44527720896221	0.465495679428623	0.397279611524158	0.458322127063006	0.58220612458027	0.627642976311899	0.63816209538926	0.00096655301514338	0.00283390713963807	-0.480219642870817
844.6817	PC	(18:0/22:1)	0.0163986892952219	0.0181131739342671	0.0154934154685144	0.0180813660775316	0.00543695117252038	0.00443210864117848	0.00443967492986326	4.05146206616467e-05	0.000447738500132558	1.83543823472673
748.5887	PC	(16:0/17:0)	0.00405429777259452	0.00412348729593615	0.00719712992503495	0.00477766763116456	0.0169717323267471	0.0116311821680012	0.0117583904300762	0.0266433916099286	0.0359978112347311	-1.41704558130217
856.5835	PC	(18:1/22:5)	0.0541147290703586	0.056836225959845	0.0458639019113127	0.0531487355191459	0.0346349993279969	0.0324122281998091	0.0329472964841193	0.00247936038621867	0.00519259899268361	0.655180691964627
806.5711	PC	(18:1/20:5)	0.787079082629144	0.793060886944269	0.60031868813765	0.80676232366311	1.46220304258443	1.63929631321969	1.68641506271089	0.000610934607652218	0.00204378654012757	-1.09563089858166
740.5246	PC	(11:0/22:4)	0.00137773755687022	0.00136947770669459	0.00145108876476836	0.00116551492933641	0.00163673818665769	0.00145353519871519	0.00142252204810552	0.136595315412694	0.160816421441522	-0.165798337972812
762.5438	PC	(14:1e/22:6)	0.00233002600214707	0.00237707296900696	0.00194714498534105	0.00238556470975966	0.000613311812657126	0.000736150533993588	0.000825642808073691	9.61115554059018e-05	0.000732101059328722	1.64016958880351
816.6502	PC	(20:0/18:1)	0.148129443709023	0.152368290840029	0.162407556535578	0.145936020320701	0.0660043687527803	0.0639633803643591	0.0595932857591501	1.33702044403166e-05	0.000246529458361397	1.26836631109636
862.635	PC	(20:0/22:6)	0.0568933234760782	0.060858933228205	0.0549001676023593	0.0608868578466972	0.0436403845890685	0.03784750695413	0.0420703325301731	0.00108466779391486	0.003035661163489	0.503436697511685
716.5237	PC	(11:0/20:2)	0.00517861906611501	0.00543391568984819	0.00460585023401086	0.00547523585895907	0.00477264811462298	0.0068677291690681	0.00695372563490676	0.284711868395412	0.310660291844107	-0.2606965437557
744.591	PC	(16:0e/18:2)	0.00448736101225028	0.00447972906147651	0.00481280203706619	0.00487037418826317	0.00160950237051487	0.00228992027470438	0.00249914212693617	0.00526174868482932	0.00921875480959934	1.12833848766133
798.6021	PC	(19:1/18:2)	0.00542514879116021	0.00508678342356055	0.00647719664493306	0.00525420675493803	0.00684395395682677	0.00473626766836	0.00511985123597932	0.994029239644027	0.994029239644027	-0.00151874527080586
716.5601	PC	(14:0e/18:2)	0.0120905072954623	0.0112805098072982	0.0104384566120693	0.0114516457606064	0.00616864179775695	0.00657150158426587	0.00661474778859671	0.000203978762434344	0.00117158287336665	0.810536573353767
772.5868	PC	(17:0/18:2)	0.0767001198902121	0.0827849069664356	0.0929729838226266	0.0866420107886561	0.0934476958305804	0.0797104564938499	0.080306955307506	0.961824919194295	0.966308951451611	0.00488621897813006
738.5081	PC	(11:0/22:5)	0.000465321444450329	0.00051459436701098	0.000589729671977442	0.000499200448805342	0.000426459784553461	0.000411315410473631	0.000409498673896844	0.0281683850970952	0.0379392936776502	0.315010433577292
792.5914	PC	(16:0e/22:6)	0.0849537755374162	0.0936219905201176	0.0879919796542305	0.0996542178741837	0.139599691813255	0.166121386539685	0.181515589400885	0.0224678310350177	0.0307416989717226	-0.826941891774931
752.5253	PC	(14:0/20:5)	0.0201636497236068	0.0220859051840256	0.016311918313749	0.0195533124461245	0.0176236684510677	0.0190088832715608	0.0188503670853852	0.466396061768216	0.493898532241034	0.0785144641293686
768.5914	PC	(16:0e/20:4)	0.00572047600849444	0.00638110894298962	0.00750000122993425	0.00656443086422127	0.0055889910394705	0.00715517479470378	0.00714586514929917	0.896468092963874	0.906990018937629	-0.0193886867087238
806.5698	PC	(16:0/22:6)	0.329130878681649	0.332568321107519	0.260360680819991	0.31468489613254	0.352374282423577	0.3419262387623	0.36679647377864	0.0707827902525483	0.0871639502824237	-0.19404623199059
786.6016	PC	(18:1/18:1)	1.05693488000965	1.11892978260182	1.10128251391226	1.11815925708964	0.857875933468527	0.721723346676063	0.749827873911321	0.00950312098728862	0.0146804485502559	0.500951036815499
794.6072	PC	(18:1e/20:4)	0.0160290484524032	0.0175284987652902	0.0188922766076222	0.0190020433051426	0.0277807546618526	0.0353372230289153	0.0370591846849929	0.026396275034412	0.0357760834585898	-0.902547534271894
702.5083	PC	(12:0/18:2)	0.00048935540021768	0.000538953424658573	0.000405433909008263	0.000487288876265602	0.00068777083222119	0.000670735582686209	0.000643345358990287	0.00316510147148621	0.00608999434915427	-0.47449139535618
732.5555	PC	(16:0/16:1)	0.774957249552364	0.826262449453639	0.738897461535328	0.86585084712794	1.31105038293717	1.29151316496721	1.29905912614569	0.000253203602336328	0.0012991756262733	-0.698351732005482
774.6039	PC	(16:1/19:0)	0.059326994464022	0.0650514586022051	0.0874532246586738	0.0675754442683301	0.0636906466659919	0.0480304095098971	0.0477034828960832	0.093525628404445	0.11322906135482	0.394457585661353
856.5853	PC	(20:3/22:6)	0.011079401150394	0.0110253577742952	0.014066446651495	0.0119616678653358	0.0280360020379267	0.0158182229279044	0.0198130624701437	0.120015962724678	0.143287756050793	-0.818567246312349
572.3367	PC	(10:0/11:4)	0.000330583385005801	0.000266489570970558	0.000260827650616688	0.000333781262041461	2.55260895875466e-05	2.37963612735813e-05	2.89118883449583e-05	0.000797960463691867	0.00246086590421695	3.51401585072694
830.6646	PC	(16:1/23:0)	0.0030515232310843	0.00340525678934964	0.00391418589068173	0.0033052701424097	0.00144664723136954	0.00129992664764588	0.00125486452180564	0.000689563379662378	0.00220562611202675	1.35804312462608
794.5703	PC	(17:1/20:4)	0.0210276949744659	0.0209600782469681	0.0202377452120864	0.0207289396195482	0.0320802672456316	0.031070280476133	0.0313223697590289	3.17230048666721e-05	0.00037854280009067	-0.602618795887318
768.5552	PC	(15:0/20:4)	0.00531959515648687	0.00529002790630056	0.00485095085522669	0.00368081881243236	0.00488739831002928	0.00401479607772895	0.00393720827036184	0.34928171125953	0.376351043882144	0.161080221151965
724.4931	PC	(10:0/22:5)	0.000313651234083645	0.00021614927227492	0.000225284525020137	0.000314060628263517	0.000776364817754432	0.000830572359585447	0.000909190132865294	0.000340622555074475	0.00148439184100187	-1.64978400217308
848.6141	PC	(19:0/22:6)	0.0172518479365453	0.0171480564953475	0.0135561962578107	0.0153101465908359	0.00257381507891704	0.00323955920458068	0.00286047407774282	0.000438960141844931	0.00167210988669893	2.45165439686897
550.3523	PC	(8:0/11:1)	0.000464587642783434	0.000342192503367259	0.000305913853349293	0.000310245730689693	2.71333203333852e-05	2.11397552450143e-05	2.95071022804553e-05	0.00293469925105019	0.00572332749865445	3.77829071332456
750.5091	PC	(12:0/22:6)	0.000391001208857483	0.000162992736210823	0.000271349167485545	0.000375012235567386	0.00072695834250768	0.000733690370899108	0.000775821708885162	0.00221953899842983	0.00483142074910736	-1.31279961945392
728.5253	PC	(10:0/22:3)	0.00281595728659872	0.0027991265483463	0.00516153233482162	0.00333075479471651	0.00972416962373765	0.0046980558835229	0.00542578569726556	0.17808530939544	0.203054942723372	-0.907582800264898
688.5296	PC	(12:0e/18:2)	0.000397596026356092	0.000370695525756702	0.000380478856367764	0.000372604720762854	0.000138026199880966	0.00016769836408187	0.000145769461120973	4.42773010300239e-05	0.000465451627900983	1.33755962572934
690.5076	PC	(16:1/13:0)	0.000906713102069738	0.000949199424322774	0.000771983076584721	0.000871201377735707	0.00117069180028378	0.00128968663489469	0.00119118576678084	0.00144370902654231	0.00361766622348682	-0.476569444840019
804.5534	PC	(16:0/20:4)	0.0405353083278203	0.0408447262142083	0.0415964704578688	0.0384816439745451	0.020542312270599	0.0212309412568408	0.0199099135856586	4.09476604372284e-06	0.000159453138465856	0.973174010721607
828.6501	PC	(15:0/24:2)	0.00299013077463012	0.00305856745555335	0.00277428685419401	0.00296619446929047	0.00115613346674435	0.00147892019516264	0.00144608527581672	0.000489821956987848	0.00178436883478006	1.11538208936347
776.523	PC	(16:1/18:3)	0.0144599969983464	0.0136142968485765	0.0156293026619801	0.0138519820416886	0.0269074831314224	0.0245627516161579	0.0242611534163701	0.00114195804430393	0.00313492940824838	-0.810973105222759
736.5308	PC	(12:0e/22:6)	0.00299698513843136	0.00316236570199432	0.00306961459211923	0.00253136562474405	0.00068491506542185	0.000885471647947989	0.000804904444291574	0.000158192907573121	0.00101762900244799	1.89271490222377
850.6344	PC	(19:0/22:5)	0.00206251897878807	0.00241970836471948	0.0022657160229453	0.00219925443166629	0.00113343415360032	0.00119957288545312	0.00120512392959609	0.000340223143292992	0.00148439184100187	0.923410959200769
790.5766	PC	(16:1e/22:6)	0.0194322684713272	0.0185623128309934	0.0178162982765284	0.0170467028168855	0.0154719491869632	0.0195850765433248	0.0169905668253634	0.558965227891814	0.583326908526324	0.0702101905373313
802.5376	PC	(16:0/20:5)	0.104145600998892	0.104446509397919	0.0882273374212969	0.0988337425113673	0.121532356853168	0.122249413599855	0.122445561489944	0.00858790035468478	0.0136582474275614	-0.303540573958178
842.6663	PC	(16:0/24:2)	0.0103801819775984	0.0105052088715441	0.0121954726066554	0.00946318991568393	0.0053706614184782	0.00660444215450603	0.0063941560025424	0.0013767814859004	0.00347013345276651	0.796626517134799
882.5977	PC	(22:4/22:6)	0.0252033597519074	0.0228937559061026	0.0201352258911845	0.0206013136039742	0.0286306871947453	0.0269378246810139	0.0310110334138804	0.0112592698788833	0.0169676409713242	-0.377957369258413
688.4929	PC	(11:0/18:2)	0.00084544982146792	0.000802798687764055	0.000872582928632153	0.000563373163170899	0.000309801671514445	0.000484993914022856	0.000507116447863096	0.0161340776171883	0.022799303124617	0.829229002274883
760.5864	PC	(16:0/18:1)	3.49064125592511	3.73759023879321	3.27590500819582	3.67820538483761	2.83398376838683	2.93423576370585	2.88784453625237	0.00580828573594452	0.00997359024777724	0.29727519838693
738.5459	PC	(14:1e/20:4)	0.00747156021013303	0.0070060806243727	0.00781285486039473	0.00708896837009065	0.00204281598996799	0.00307516142412163	0.00279405604413022	0.000484886448134711	0.00178436883478006	1.47765014740934
836.6179	PC	(20:1/20:4)	0.176245033073318	0.185945735563799	0.168514145396636	0.190535483926103	0.105067045158199	0.107074701159191	0.10750481561679	0.000524902675498227	0.00185436928803062	0.758965131139778
718.5758	PC	(14:0e/18:1)	0.00437709867087463	0.00427271523839492	0.00428221136362361	0.00404568326891821	0.00316972910169728	0.00422732741276561	0.00380102247552643	0.234033061442104	0.261316708501417	0.185352992359536
824.6167	PC	(19:0/20:4)	0.00251164191470342	0.00276856010439108	0.00312975867457212	0.00254921245053991	0.00117892774362407	0.00118847325191713	0.0011437832127487	0.00147415360662235	0.00367260233788575	1.22707186175308
810.6016	PC	(18:0/20:4)	0.167452640056678	0.175086354947234	0.189460224098093	0.169493359399963	0.0925964463769071	0.0882930259086357	0.0868764931249982	0.000141171844443471	0.000932512773466857	0.974417744033306
