m.z	class	FattyAcid	nfur.D6d.1	nfur.D6d.2	nfur.D6d.3	nfur.D6d.4	nfur.NonD.2	nfur.NonD.3	nfur.NonD.4	pvalue	padj	FC
679.4583	PG	(15:0/14:0)	0.0105997773400333	0.0106703632475287	0.00754374621155234	0.00694966944972819	0.00253620878098634	0.00244366959709797	0.0022991267626916	0.00689101884342592	0.017678744770932	1.8816395143474
865.5047	PG	(22:6/22:6)	0.00537295881032204	0.00657100538002053	0.00578836318298787	0.00530213305007099	0.00454073048844719	0.00459060450071898	0.00463827465937768	0.0271658136809433	0.0511286711636969	0.32726864285385
867.5178	PG	(22:5/22:6)	0.000871549234097796	0.0015813596456031	0.00121795959661168	0.000839818605066324	0.000815013805274168	0.000901597927922248	0.000952307644359524	0.266308612226038	0.295822195539748	0.342053981220526
791.5844	PG	(18:0/19:0)	0.4307344339872	0.402108677441952	0.348334657674571	0.450278415929558	0.121572449129661	0.126616377977811	0.131644940596361	0.000916701819149997	0.00443930880959156	1.68768266941986
775.5514	PG	(18:0/18:1)	0.0121839437808704	0.0133302523013449	0.0123497624100342	0.0110000671309079	0.0094325165759714	0.0115273937124324	0.0112882392947673	0.148365710494015	0.173294366457779	0.184518844220567
867.543	PI	(16:0e/22:6)	0.0158161399281635	0.0147395501905339	0.015011669958765	0.0141282343236342	0.0244463617346935	0.0202075471794445	0.0219278663464967	0.020767015636093	0.0418251576596079	-0.572540373670371
881.5194	PI	(16:0/22:6)	0.0470994689153009	0.044839259795363	0.0475441319228518	0.0453382462056052	0.173376671908287	0.175641122927269	0.188495838186386	0.00103450627500107	0.00463459411799866	-1.95520932165644
885.549	PI	(18:0/20:4)	0.494197616833738	0.533852619376397	0.50111669606239	0.501237896934155	0.281229464743996	0.296513063712951	0.309326715644327	1.20655570797715e-05	0.000371446792955822	0.779611276430651
861.5501	PI	(18:1/18:1)	0.0177694392463713	0.012577418432632	0.0130291094017296	0.0164307399804277	0.0285958514901407	0.0229630508917989	0.0262109201393839	0.00548948231218276	0.0145263238133826	-0.793940660241662
955.5359	PI	(22:5/22:6)	7.94814315671315e-05	3.29661242305799e-05	4.40913703478128e-06	1.7495138789699e-05	0.00150546448964579	0.00168192222263262	0.00181666341185553	0.00232964709874862	0.00778354960899734	-5.63404584501843
889.5779	PI	(20:1/18:1)	0.00262340984577301	0.00310824845452012	0.00245634845652355	0.00288798607216447	0.00172459758980282	0.00143333407308308	0.00176574715804824	0.00150435159761985	0.00580860066414692	0.754589964673044
909.5504	PI	(18:0/22:6)	0.235830189095357	0.19468913351991	0.192982975987326	0.204415166326058	0.406298817750592	0.388475527968634	0.38528453792239	2.60627924438279e-05	0.000624059085738323	-0.9263374917863
855.5051	PI	(16:0/20:5)	0.062538530550918	0.0576569105904721	0.0503418997717813	0.0641532284253018	0.0510919805867948	0.0605380695589052	0.0642134553436007	0.991234528802099	0.991234528802099	0.00143031916229186
911.5656	PI	(18:0/22:5)	0.145430130548323	0.132582290204722	0.120865879566552	0.130812937682025	0.113169697293732	0.110471979662637	0.116152884872333	0.0268328902957512	0.0509230070076499	0.225451381517556
857.518	PI	(16:0/20:4)	0.0900232201254241	0.0991074817500993	0.0955739447597121	0.0928821918823798	0.0901760151434174	0.100043657685187	0.103989351537202	0.479840661989265	0.506890503228856	-0.0550705209961821
937.5818	PI	(20:0/22:6)	0.00292263546973713	0.00235632439421583	0.00229766694287768	0.00252699073125705	0.00266543283776139	0.00212044333015968	0.00231574731324567	0.492743017471278	0.519247531858486	0.093613656589677
893.557	PI	(18:1e/22:6)	0.0163875797424382	0.0167203075217563	0.0176309313532393	0.0168115467416101	0.0232719898317309	0.017174692581377	0.0176192869896557	0.335094214971634	0.361968938979384	-0.196766820747875
935.5656	PI	(20:1/22:6)	0.00209899731852986	0.00190138324077089	0.00195892786616032	0.00186430684708529	0.00783759524035005	0.00890534196099547	0.00914342630162494	0.00317695127899293	0.00985083454133778	-2.14132247762583
937.5823	PI	(20:1/22:5)	0.000644373162494757	0.000667842760434357	0.000556852868098307	0.000557881134750375	0.00169264333940453	0.00183802735106975	0.00192386315517722	0.000800577427364471	0.00410772465707247	-1.58334906347798
905.52	PI	(18:2/22:6)	0.000293701121024905	0.000285181946885821	0.000232918458360937	0.000256721120137794	0.00270260282372622	0.00261443344211045	0.00255879194903979	8.2263009279841e-05	0.0011002189007889	-3.29685165825435
869.521	PI	(17:0/20:5)	0.0106018679701415	0.0113048952606699	0.0112944988750669	0.0120277736847137	0.0108881776935284	0.00967766247967075	0.0102811366569896	0.0820016324918836	0.10942013499691	0.13708263668755
929.5202	PI	(20:4/22:6)	0.000234235936066935	9.84464417117874e-05	5.68933345174507e-05	0.000113071514812366	0.00212749558770112	0.0021244648540292	0.00219400301819799	2.51675744641108e-07	4.56202339724085e-05	-4.09581537586844
871.5345	PI	(17:0/20:4)	0.0138800574447616	0.0176236176615159	0.0175108768758735	0.016006583598043	0.0112057286521206	0.00949055412050199	0.00965402920467113	0.00231154266405926	0.00778339756413704	0.684159907003584
913.5841	PI	(20:0/20:4)	0.0113142933039052	0.0135741827156081	0.012420393222769	0.0116392607703535	0.00416099404874724	0.00381114365474843	0.0040943944631796	0.000323652222819236	0.002364306915849	1.60520513004724
939.5976	PI	(20:0/22:5)	0.00248383484603936	0.00235983455347589	0.0018527819581684	0.00212051111102389	0.00130851400575294	0.000999817769151379	0.00107480944518616	0.00153942841921802	0.00582011972528917	0.966880819507868
903.505	PI	(18:3/22:6)	3.67372170683723e-05	2.88371920875738e-05	6.17784403104342e-07	1.00915355821984e-05	0.00192978855137727	0.000858225338282411	0.000991944304907635	0.0664379433737014	0.0945041372741429	-6.04588859599388
814.5633	PS	(20:1/18:1)	0.0170825552330576	0.0168741689953675	0.0165513341852114	0.0188078905477857	0.00914545326021984	0.00608410871515061	0.00814884041817555	0.00196231046809119	0.00687606351014069	1.15297349812116
768.5217	PS	(18:3e/18:1)	0.0124939304919859	0.0115271690575525	0.00947953229576762	0.00979577610543688	0.00354543812584327	0.00391363785016496	0.0040143240179327	0.00174868691835174	0.00638715306618304	1.50091685992557
758.4991	PS	(16:0/18:2)	0.002167305276236	0.00196269544950361	0.00241739361255973	0.00257924333675251	0.00515314216850283	0.00380492018902825	0.00435823322756078	0.0215728887651858	0.0424562331406168	-0.960074936055393
788.5447	PS	(17:1/19:0)	0.0254898029767019	0.0352068409904707	0.0330552403192919	0.0275326446848122	0.0337644580085528	0.0327176764027338	0.0297579530361548	0.529366892513805	0.55648080652061	-0.0813518254719975
820.551	PS	(18:0e/22:6)	0.0184819896790236	0.0213188740880956	0.0167749735381157	0.0159692035707939	0.0121771611080613	0.0197302061237692	0.0162083256340137	0.457131637957843	0.485280137832094	0.17733199313412
780.4844	PS	(16:0/20:5)	0.000941216137261505	0.000620519152448277	0.000619261058943203	0.00117451951349819	0.00292994781476728	0.00374508892567165	0.00381309602325881	0.00389218361382058	0.0114899392983334	-2.05918887024012
790.5058	PS	(16:1e/22:6)	0.00644880976638636	0.00612910018358547	0.00467476240230585	0.00411499283210407	0.00634922564976508	0.00888889596324517	0.00660304137141129	0.123677417969351	0.149313633458797	-0.446657902003063
904.6087	PS	(22:6/23:0)	0.0614769562745124	0.0860076672482635	0.0739847920179423	0.0559254709478928	0.0648614673382195	0.0922761674968425	0.0876974564263083	0.317484164237797	0.348182378591579	-0.234906654804843
760.5144	PS	(16:0/18:1)	0.0621766898072755	0.059532980466583	0.0618033221433984	0.0626239008740198	0.0632921721519037	0.0519224904884099	0.0569676633889803	0.334397281536719	0.361968938979384	0.100486357046522
852.484	PS	(20:5/22:6)	0	0	0	8.34825174596779e-06	0.0010028820021466	0.00232262060425552	0.00171254232502119	0.0479960683746081	0.0766159461831707	-9.6522116662479
810.5308	PS	(18:0/20:4)	0.0301584669000451	0.0290882661041193	0.0252422996300834	0.0300449850371874	0.0106709532415263	0.0104056939661469	0.0104310633334015	0.000534603593587575	0.00326603377964635	1.44696182449283
842.5347	PS	(20:3e/22:6)	0.0140031467770794	0.0180392025540676	0.0144654591341978	0.0109734587278417	0.00918091000104496	0.0142422649287467	0.0118658566656572	0.2632673487406	0.293688354621552	0.288834527444182
838.5607	PS	(20:1/20:3)	0.0139929013986787	0.0149775037371233	0.0135086764079781	0.0130898755113018	0.00681215296915069	0.00717310925514806	0.00707445023632796	0.000231604016752959	0.00184854317075047	0.984755925448104
786.531	PS	(18:0/18:2)	0.0284218078946555	0.0272869889499004	0.0265745266314276	0.0299923409911245	0.0173269467398197	0.012828143530939	0.0136491574795735	0.0027526746117976	0.00896218372726837	0.942865079399144
876.5759	PS	(22:6/21:0)	0.831415164634504	1.0698747932351	0.99437758739296	0.792188109846183	0.817313218501354	0.97457380499848	0.918093017768478	0.826046216707572	0.833784354569001	0.0294624633270121
864.5775	PS	(20:0/22:5)	0.0381045619928047	0.0340107072336248	0.0310286561919589	0.0399093336137558	0.0190488142179199	0.0143080149844427	0.0159921429432534	0.000574163817614119	0.00329952807188914	1.12042292491655
664.4208	PS	(11:0/16:0)	0.010762856522607	0.0158573266800528	0.0150476630277771	0.013189882757526	0.0086836555036668	0.0106191486021904	0.0100998930511256	0.0332274006611056	0.0591777259708121	0.484708897262402
782.5009	PS	(18:4/18:0)	0.000244506295909019	0.00012288134423346	8.79379714052615e-05	0.000228405582969021	0.00103307356124349	0.00070629865317717	0.000755273879011496	0.0136307336845684	0.0298635946869122	-2.28237150596139
812.5453	PS	(18:1/20:2)	0.0336914177216786	0.040640021129125	0.0342746803319076	0.0293798814728954	0.0172829070751993	0.0209027341206628	0.01799985947536	0.00306243245409264	0.00963436779353232	0.881214627609647
804.5759	PS	(16:0/21:0)	5.29591463538562	6.00069791568952	5.32199627879444	5.02211446885045	3.37521166510984	4.48635643730345	3.97116827632934	0.022465801767006	0.0440125480071799	0.45592747732732
844.6106	PS	(18:1/22:0)	0.0311402461695929	0.0359519087237919	0.0315664962417022	0.0294228472400384	0.0235280787573023	0.0264969460855139	0.0238409622328569	0.00748339007060743	0.0186435902915133	0.379042483843537
836.5452	PS	(18:0/22:5)	0.461016495422061	0.413719241587316	0.361781646415116	0.430490088485528	0.253954826872965	0.26759304553236	0.268820908196128	0.00395807504121018	0.011604968318106	0.661625204536475
832.6096	PS	(16:0/23:0)	1.72853485571817	2.13211472567216	1.8183981686127	1.52274467041558	0.705244137633732	0.948390085582529	0.805302679607699	0.00161291698364036	0.00599282086162927	1.13528380223251
840.5165	PS	(20:4e/22:6)	0.0335694226937226	0.0559569252911882	0.0442500381493257	0.0303884780514865	0.0247643641530108	0.0346524163790276	0.0305192136736369	0.157455892258687	0.182428735385736	0.45313735210807
782.497	PS	(16:0/20:4)	0.0139581381660282	0.0175035993198269	0.0173337095163358	0.0155308467363904	0.0143130929465169	0.0140994544544645	0.0136871244502624	0.0891657411483295	0.11680983110921	0.196562080486871
858.5269	PS	(20:2/22:6)	0.154342117724067	0.214836105768556	0.176950750255505	0.144989004919297	0.0835856647016946	0.104926605586957	0.0948746645353198	0.010170682604735	0.023107475332726	0.871121264218882
744.5215	PS	(16:1e/18:1)	0.0128977705755191	0.00969019294927682	0.00816029143919705	0.0131883245153572	0.00951272034525718	0.0157265831584175	0.0179295230514847	0.312665058111296	0.344651253314498	-0.389604817857215
820.5151	PS	(17:0/22:6)	0.028505701148882	0.0336604893986601	0.03682014320506	0.0317162786979386	0.0418746399624839	0.0335518311914302	0.0321501481439757	0.424581751295162	0.45295726437677	-0.134114078264013
834.53	PS	(18:0/22:6)	1.74615808725351	1.58470566409047	1.51647273668178	1.63356133050321	1.24746064600991	1.2807432198705	1.27542453146374	0.00425396712849773	0.0120058984305099	0.353779882349574
748.5151	PS	(19:0/14:0)	0.0510526872416508	0.0596906163053365	0.0523042001964034	0.0474717086206285	0.0792729558095568	0.100382727780803	0.087609441200527	0.0155806378302877	0.0331566000970656	-0.75935719077874
788.548	PS	(18:0/18:1)	0.198677592948179	0.161736426896515	0.162415809612377	0.1804610235128	0.0777963485475813	0.0574163679420151	0.0636033440679506	0.000172060069890377	0.0016121280461468	1.40764965046061
878.4949	PS	(22:6/22:6)	0.00283403561436013	0.00330185594177882	0.00232284402117737	0.00222301363541286	0.0123231133272956	0.0136657268785075	0.0115788963144317	0.001187897192518	0.0050194479409339	-2.22938377660389
806.4988	PS	(16:0/22:6)	0.0906225333539859	0.106409892553666	0.127428479765476	0.0932669793364111	0.433043995160608	0.481317784414166	0.512071303165989	0.00147498849293622	0.00577927309505009	-2.18681421014022
822.5308	PS	(19:0/20:5)	0.0632727474514187	0.0645560492568104	0.0534421488826173	0.0589396274447543	0.080061264451105	0.108639150049608	0.0980986548107221	0.0412305524223796	0.068877395713355	-0.670778187984443
732.4848	PS	(18:1/14:0)	0.0017605975078847	0.00279420432236266	0.00200589734745649	0.00256825057218128	0.000912987826011896	0.000784934268150747	0.000911322035476638	0.00866558768719077	0.0206346314540288	1.39177946017044
906.6242	PS	(22:5/23:0)	0.0245077641689139	0.0323454183975534	0.0260489226763051	0.0227870463794789	0.0179426647703376	0.0259399191228478	0.0247719476182195	0.332945605707928	0.361459838942361	0.20736294770841
874.5613	PS	(22:6/21:1)	0.051132863284251	0.0628282251916042	0.0622437268919766	0.0508673358880416	0.0642530761873873	0.0657913158144737	0.0643812087375015	0.0934307457972039	0.11984717690058	-0.191104914869266
886.6576	PS	(20:1/23:0)	0.0141005438201267	0.0172712172445287	0.0148515925255028	0.0128769525570852	0.00755753423730803	0.0112804480670708	0.0101649918601545	0.0206411362206861	0.0417668061554729	0.61192725278791
856.5112	PS	(20:3/22:6)	0.353286980457361	0.40295946206776	0.360558974515723	0.354203615977419	0.251098722600858	0.280790584583757	0.263577380663281	0.00095994279803782	0.00449712332559022	0.471895186011903
884.5434	PS	(22:3/22:6)	0.0298781847468762	0.031707931302131	0.0311649092930413	0.0309417669019906	0.0171022585971033	0.0155726547733705	0.0162483581961381	5.83832524387692e-06	0.000251631818011095	0.923131148370774
810.529	PS	(18:1/20:3)	0.06682422476503	0.0709701291369644	0.0653948092869174	0.0627778412947366	0.038800454334362	0.0368756226843006	0.0355279742928488	5.17154305780252e-05	0.00094972248036447	0.843000430383368
774.5306	PS	(16:1/19:0)	0.0749510726414402	0.102586139586891	0.0931925487192897	0.0723108462380742	0.11428367954315	0.126201968747234	0.117840926498222	0.0125797519500534	0.0280926066863887	-0.477933177755707
816.5188	PS	(18:3e/22:5)	0.0380600107647179	0.0482412924200215	0.0333392668230231	0.0311707516111831	0.0242961790919721	0.0336216421486959	0.0303559384162135	0.137773236998544	0.162685657935267	0.357650688755237
830.496	PS	(18:2/22:6)	0.10315533501585	0.131772123769785	0.117734954194492	0.0994962294982607	0.147047286955779	0.196995027321727	0.176594309514209	0.0331648830555801	0.0591777259708121	-0.618485260518629
846.5286	PS	(19:1/22:6)	0.00465747186857453	0.00456404990938058	0.00445555393461951	0.00489291803727571	0.00632042166467702	0.00704607856134966	0.00628573968672978	0.0090537932758894	0.0213234147645264	-0.496757926175785
860.5424	PS	(20:2/22:5)	0.0257383193511585	0.033849935512106	0.0257919142051228	0.0235780542750703	0.0155647662775805	0.0196740644425873	0.018026698511539	0.017538542289593	0.036517447955626	0.617463484518759
854.4951	PS	(20:4/22:6)	0.0258851818299558	0.0354035864598967	0.032277952167269	0.0264350074493715	0.0425336794246567	0.0485480501244299	0.0457534440326895	0.00299635683897251	0.00949580733527317	-0.604421443624163
858.6252	PS	(18:1/23:0)	0.231609347204595	0.298596811411082	0.257219755442303	0.219334720751966	0.131946709090316	0.159724029050391	0.155250851242589	0.00525633008964374	0.0141592391789778	0.756589569231172
828.4804	PS	(18:3/22:6)	0.0168227780191075	0.023154314583677	0.0254431922696985	0.0175158844825998	0.0673671052777651	0.0786881556975963	0.0785968942459169	0.000727688097124859	0.00387201938099771	-1.85265708294929
838.5605	PS	(18:0/22:4)	0.0234708635155179	0.0249969793864977	0.0263195699801345	0.0238805602034899	0.0131758825139172	0.0130587800986654	0.0135195367514875	0.00023878279220293	0.00187118878980841	0.896437107986078
832.5141	PS	(18:1/22:6)	0.0771850636447523	0.0838507456578293	0.0845557590724166	0.0817917061000329	0.171765305286601	0.181896692644113	0.182642473942768	0.00017777549155797	0.00162445454385379	-1.12710916378136
822.5654	PS	(18:0e/22:5)	0.0073159816292529	0.00828807695491875	0.00541615993331307	0.00677083951747601	0.0030861378430759	0.00551796599072144	0.00415451467164829	0.0386134751850774	0.065264344332425	0.708111137711174
808.5153	PS	(16:0/22:5)	0.0199924256520219	0.0207545941527355	0.0204000930386685	0.0212995770341424	0.0517020085244	0.0574908433565914	0.0601514320008624	0.00440829280177795	0.0123374947893915	-1.45346331190293
814.5014	PS	(18:3e/22:6)	0.232312465371293	0.312185602858937	0.241589125849757	0.207573287179432	0.13301660012898	0.177693605827058	0.160904859809725	0.0196298482641095	0.0402879266753867	0.660105683639734
862.5624	PS	(20:0/22:6)	0.163259988518192	0.152118811852474	0.151790746092131	0.160865425598111	0.110820273825498	0.0852349503732138	0.0950041902769904	0.00761117455098443	0.0187452356084245	0.694493715296002
816.5775	PS	(20:0/18:1)	0.122827253633075	0.154897635801377	0.139287923900722	0.122083588575248	0.107383862028946	0.113141684287501	0.100805904172352	0.0307629441785538	0.0559444259112096	0.331443589072669
894.7556	TG	(16:1/16:1/22:5)	0.933666647913435	0.250922042958515	0.884394858405632	1.4963283490682	0.140980382608676	0.163293071327287	0.143125465565937	0.0616908152453874	0.0902085246152158	2.57935711453069
796.7419	TG	(16:0/14:0/16:0)	0.0666038726469859	0.0375798253473212	0.0621079658531877	0.0820514660776597	0.014684252126318	0.0171949720010259	0.0157970999489061	0.0149790411983923	0.0322213739517917	1.96595242683515
858.7568	TG	(15:0/18:1/18:3)	0.0290090395888672	0.00758706674070543	0.0310540134718185	0.0619413741560947	0.00535020537592584	0.00401350842285874	0.00363670043005623	0.0868790052468744	0.114510248505819	2.9023040300508
918.8525	TG	(15:0/20:1/20:1)	0.00305944894402398	0.00140013314384914	0.00317008515888419	0.00537717537661934	0.000413893271889189	0.000491336070396452	0.000489180532478033	0.0419086737709678	0.0690428841754027	2.80650669844453
920.77	TG	(16:1/18:1/22:6)	0.729736435126024	0.185791040084858	0.710209521701286	1.1995447331744	0.11587477657429	0.1184412930901	0.105315531447811	0.0643574740744595	0.0921530608840267	2.64131463120255
830.7258	TG	(15:0/16:1/18:3)	0.0111101793312485	0.00218220251623014	0.0117319241296036	0.0253190286607627	0.00177168627617924	0.00148092752591526	0.0011690765790786	0.102198439708079	0.12767399279473	3.0940933691461
880.7388	TG	(18:3/17:1/18:3)	0.032301314288208	0.0134690108395702	0.03426948480349	0.0587405780752625	0.00618029546901155	0.00614902173568758	0.00519640203659298	0.0528978782441724	0.0817167939901015	2.57022064846949
832.7416	TG	(16:1/16:1/17:1)	0.0202717412497399	0.00494515788543311	0.022852317224846	0.0433567897553639	0.0035471669305484	0.00303481959595568	0.00283530859653164	0.0878244374988022	0.115403452932877	2.86418245156726
1004.8652	TG	(18:1/22:1/22:6)	0.00966148008287518	0.00287522534906739	0.00782279785181011	0.0159848974206215	0.000714852854175181	0.0011110175380448	0.00100975006213124	0.0573098864627216	0.0857658370327535	3.26495927034652
996.8035	TG	(18:1/22:5/22:6)	0.202412920299084	0.0648353730967451	0.141281850400308	0.253495055643218	0.0373310643493801	0.0401517381472593	0.0415049328035967	0.0533891543863159	0.0818887029911109	2.06103575885419
940.7353	TG	(14:0/22:6/22:6)	0.0480912481062269	0.00897495803241263	0.0456920982586088	0.0968141831280265	0.0081676791444062	0.00846541611618278	0.00658759093526787	0.10122700503865	0.127197781841569	2.68839283830752
958.8823	TG	(18:1/18:1/22:1)	0.00417473729307594	0.00136175381949576	0.00356455042911155	0.00697348003956196	0.000394791115648824	0.000568494247888314	0.000526181903158155	0.0553448568661492	0.0839916665820785	3.01686997699539
790.6945	TG	(14:0/14:0/18:3)	0.00780608158878835	0.00125452389858327	0.00729908604097746	0.017321941749788	0.000875603543787287	0.000963984084950271	0.000735527268676432	0.107094236121113	0.133019065614409	3.29421588995461
938.8209	TG	(17:0/18:1/22:5)	0.0155116983457368	0.00588084270465034	0.0122526441764222	0.0218117015867293	0.00164691488688686	0.00165505903032203	0.00157444916733136	0.0345790640127808	0.0602275977398433	3.09243392419716
888.7069	TG	(18:4/14:0/22:6)	0.0385148290218945	0.00477175105611358	0.0296669319563848	0.0769168994386984	0.00469746784504871	0.00696041931854086	0.00469106606622627	0.121755264103361	0.148004528366972	2.78140791184468
948.8033	TG	(18:1/18:1/22:6)	0.244382867752637	0.072893798769589	0.202388215820255	0.352650715312153	0.0355420921795872	0.0351114114068101	0.0343021900773163	0.0506225461181429	0.0798392512266215	2.64003225464817
890.7218	TG	(14:0/18:3/22:6)	0.0778592090769278	0.0118301502052204	0.0684809517501887	0.162893619961943	0.0105019188732404	0.0119844778026755	0.0082217189741578	0.110163547078618	0.135658539402527	2.9711312077759
944.7667	TG	(18:1/18:3/22:6)	0.561331310022394	0.137415513680826	0.512255504083527	0.978663280322131	0.0886432484453295	0.0920192634497807	0.0792268148040347	0.0751956689857384	0.102237644583133	2.65970377748318
902.82	TG	(18:1/18:1/18:1)	0.104794653252494	0.0336279697985825	0.0992577243923746	0.173251671030758	0.0149279262443173	0.0167833445676261	0.0160694594417116	0.0557044495845896	0.084240764108625	2.6893614372586
912.8018	TG	(16:0/17:0/22:5)	0.0255815938992756	0.00802611375910988	0.0223911354850553	0.0401214266571459	0.00357517118727982	0.00313933373177162	0.0030477761011637	0.0509955975505264	0.079924009251916	2.88451301137094
908.8665	TG	(18:0/18:0/18:0)	0.0347705639327064	0.065146824687476	0.0228323817919109	0.0273833508514459	0.0172025882717144	0.00814491433430895	0.00698289186246606	0.0619529542601018	0.0902085246152158	1.80024177430308
848.7712	TG	(16:0/16:0/18:2)	0.394428451953314	0.102651732390128	0.391930664670931	0.635567279900204	0.0579315228123225	0.0704430655743974	0.0621655558523085	0.0617108648699839	0.0902085246152158	2.5852056944301
926.8199	TG	(20:1/18:1/18:3)	0.0633729449762579	0.0224546667965484	0.0445000529021138	0.0819839270546764	0.00538627271668358	0.00659697244892026	0.00594401067257197	0.0344088232642307	0.0602275977398433	3.15091906804992
1040.7729	TG	(22:6/22:6/22:6)	0.0476267233853578	0.0288228141347464	0.039402477820337	0.0589926730285112	0.0142268936870605	0.0152107808044966	0.0157529471981474	0.0203573783316419	0.0413869342497059	1.5369411601018
904.8366	TG	(16:0/18:1/20:1)	0.0672893206173712	0.0233101649874522	0.062906507818656	0.113237486156825	0.00686055717840224	0.00999523133825116	0.00886618193777166	0.0507562757217965	0.0798392512266215	2.95934243524712
874.7881	TG	(18:0/16:0/18:3)	0.274059307493295	0.0695589239048294	0.260610755223457	0.453122394192283	0.0391779167221313	0.0414428975244256	0.0382477404493667	0.064161716262442	0.0921530608840267	2.73797837365223
936.8035	TG	(18:1/17:1/22:5)	0.042780742759471	0.0139395651820735	0.0350426038290829	0.0605853140568704	0.00525259474523415	0.00473697401998137	0.00456931612372269	0.0412268111246068	0.068877395713355	2.97236343562398
872.7714	TG	(16:0/18:1/18:3)	0.305451556384116	0.0715359299634382	0.286951765566945	0.571194961120305	0.0507350379069488	0.0390856130582861	0.0367987744084148	0.0798766614929804	0.106915655600853	2.87105965966741
992.773	TG	(20:4/20:4/22:6)	0.0340582379464563	0.011553774843728	0.0253580673087455	0.0489008980166855	0.00792562884737702	0.00597980518130197	0.00623910538864933	0.0586029046140984	0.0870960409954359	2.15798418644798
836.7731	TG	(16:0/16:0/17:1)	0.0473627633663607	0.0194190304898757	0.055384588769337	0.0854534818573957	0.00941876956766375	0.0102042305635748	0.00979489734089285	0.0532878345666061	0.0818887029911109	2.40414093954455
878.821	TG	(18:0/16:0/18:1)	0.0827345079535122	0.0380578963224369	0.0682197390667379	0.144578261366813	0.0104819443580204	0.0129678444649035	0.0114177377805089	0.0491762033612458	0.0779225869437388	2.84308436042259
864.8053	TG	(16:0/17:0/18:1)	0.010236617352932	0.00471380302068187	0.0118188235213964	0.0183906340486146	0.00223370656597048	0.00202133304973858	0.00207348574740946	0.047025108280652	0.0753450619663978	2.42006281221978
854.724	TG	(15:0/14:0/22:6)	0.0187711046164672	0.00412348698822355	0.0187178288358125	0.037875078773892	0.0027191964494796	0.00322414815303448	0.00244585549481901	0.0901890936167728	0.117537365772518	2.82908532751766
970.7881	TG	(16:0/22:5/22:6)	0.333255199477903	0.101242969166014	0.218419599795812	0.412928744208804	0.0517962769145874	0.0639082725090978	0.0685533985473845	0.0565980195117779	0.085292819613903	2.11716344184709
982.7877	TG	(17:0/22:6/22:6)	0.057537322353082	0.0194517427046255	0.048165373034993	0.0831444948316064	0.0103924931131773	0.0110147453807104	0.010626150968261	0.0513170040741502	0.0801363360723143	2.28596958618826
768.7104	TG	(16:0/14:0/14:0)	0.0215972096826514	0.0110699967017189	0.0216741683818041	0.0332258690355877	0.00394296890485389	0.00527411623948539	0.00465061565202432	0.0311550432090796	0.0561833624398047	2.24362518884146
1024.8348	TG	(20:0/22:6/22:6)	0.0264539439598895	0.00940311037426934	0.0185079532577042	0.0352188398522608	0.00271489772188085	0.00420192265056492	0.00410838755906224	0.0420499847992032	0.0690428841754027	2.60739526430862
876.8045	TG	(16:0/18:1/18:1)	0.318241331599717	0.0934394178778028	0.308287723391279	0.503703512227402	0.0476291101590905	0.0604516374145145	0.0527113453382239	0.0571400170208719	0.0857658370327535	2.51291101720171
864.7069	TG	(18:4/16:1/18:3)	0.0324346405416302	0.00685801871962211	0.0298013260102129	0.0731242287309014	0.00476703958059069	0.00502308971713933	0.00345425839845719	0.108827051228672	0.134782928389534	3.00961569178633
932.8676	TG	(16:0/18:1/22:1)	0.0139789193809362	0.00632507596392623	0.0130571942033982	0.0230229358622215	0.00145036408259961	0.00206377006914383	0.00182989568109323	0.0368155231183207	0.0629662319999851	2.9842515722258
994.7861	TG	(18:1/22:6/22:6)	0.327933467828414	0.133820583990712	0.310081469154303	0.462857423918534	0.0599035006799731	0.0635230314198428	0.0597607005303891	0.0350535550712267	0.0606750290590309	2.33772394174948
934.7884	TG	(18:1/17:1/22:6)	0.0522757241745595	0.0162177494053665	0.0471218688625709	0.0800496608926779	0.00819228106072756	0.00818750026445438	0.00762406072280865	0.0521265533551252	0.0810056975287163	2.6120109923819
822.7574	TG	(16:0/16:0/16:1)	0.248385743864478	0.0713731339657985	0.256262377634649	0.398617790137679	0.0386686048401704	0.0533168975727159	0.0455784921504308	0.0596184820828319	0.0879985129373306	2.40972760673035
922.7882	TG	(16:0/18:1/22:6)	0.63558093619805	0.198199841585374	0.501863177162813	0.822843153354674	0.0854544710545839	0.0950769748527432	0.0957760287318121	0.0422907689612676	0.0690428841754027	2.55063648154293
842.7255	TG	(18:4/14:0/18:1)	0.070664993562378	0.0147189184527015	0.0578348861698138	0.132858499855989	0.00936074049780101	0.010091934389268	0.00772563411253695	0.0911259507820211	0.118299050563407	2.92950715873984
896.7732	TG	(16:0/18:1/20:5)	0.540617515491747	0.146364154980124	0.406874219426396	0.707676454454706	0.07104931548609	0.0853233044743221	0.0841694535826767	0.0522496146472926	0.0810056975287163	2.48982588963557
914.7265	TG	(18:4/16:1/22:6)	0.0179261605835928	0.00330049755366316	0.0118911054073353	0.0306325214099555	0.00280731539762411	0.00436871979270641	0.00348387384501981	0.119689288242793	0.146136213123637	2.16519916420568
868.7423	TG	(18:4/16:1/18:1)	0.345153098480437	0.0658958388205781	0.266196066791459	0.538276117211676	0.0455744903710702	0.0524460391954608	0.0468358108793948	0.0793543954802912	0.10654749050469	2.65384272435966
900.8032	TG	(18:1/18:1/18:2)	0.124239736228741	0.0378848925129538	0.112264100932999	0.209180837951397	0.0173828358011496	0.0157042115010007	0.0157678560320859	0.0585022648045287	0.0870960409954359	2.89211068435409
930.852	TG	(20:1/18:1/18:1)	0.0181644445653808	0.00544550297935267	0.016291875041108	0.0314279311020739	0.00168364667512067	0.00233833053975582	0.00216692468318663	0.0594741948364301	0.0879985129373306	3.11171113375881
684.6166	TG	(12:0/12:0/14:0)	0.0021099486208943	0.00478338507060262	0.00310870628488568	0.00293678593555389	0.000981265730364505	0.000877810127025369	0.00142807661775309	0.0269383888578751	0.0509230070076499	1.56175892897928
766.6942	TG	(16:1/14:0/14:0)	0.010001508051859	0.00360658164881768	0.0117924872827799	0.0202450585331067	0.00150585931031969	0.00214920213594599	0.00201059144572771	0.0689001461548643	0.0967295211490115	2.59512529946629
964.7399	TG	(18:3/20:5/22:6)	0.0208875741467438	0.00403558253457541	0.0154237114389903	0.0391220489227395	0.00524281548012166	0.00435421491355951	0.00402507775704906	0.127022903596811	0.152498249164973	2.12940319366044
656.5848	TG	(12:0/12:0/12:0)	0.00115270374260424	0.00321319731257383	0.00194898173753448	0.00179481400613418	0.00057087677028503	0.00051334438552778	0.000961774899526307	0.0469468375900779	0.0753450619663978	1.57180711385167
862.6923	TG	(18:4/14:0/20:5)	0.014896088928206	0.00199615724947434	0.0119737600901551	0.0325435563463932	0.0016981098481229	0.00297457672970456	0.00198978405506129	0.130755347505225	0.15567832810705	2.78929665450687
968.7727	TG	(16:0/22:6/22:6)	0.386168731037077	0.139000382344933	0.313319452768269	0.498348049157508	0.0594461800378983	0.0788093143991832	0.0769125559248215	0.0395040781178138	0.0665088190186632	2.22024987690586
890.8215	TG	(17:0/18:1/18:1)	0.0187770487629488	0.00682416922222636	0.0196112886794108	0.0334319508624852	0.00287563148375465	0.00299099200874909	0.00284920019529131	0.0541414148341948	0.0824556529806995	2.75859867830841
838.6927	TG	(18:4/14:0/18:3)	7.12480588127085e-06	2.882946708869e-06	0	1.47193996374208e-05	8.64826541040142e-07	8.95715530092696e-07	2.19665144340132e-06	0.226068424228632	0.255736196437113	2.22850907519113
908.7704	TG	(16:0/17:1/22:6)	0.156671536041637	0.049264836935117	0.150993060928982	0.248894064492005	0.0263466120342752	0.0266630891398427	0.0241799000600394	0.0540070083187573	0.0824556529806995	2.55738162863774
850.7894	TG	(16:0/16:0/18:1)	0.289048289786685	0.111060148572824	0.282975255759143	0.426303619650355	0.0500142647990338	0.0668642338713461	0.0579148272998842	0.0422365210141794	0.0690428841754027	2.25100362823524
844.7408	TG	(18:4/16:0/16:0)	0.18490329151137	0.0392482177201138	0.167928825899563	0.349114544951468	0.0281357568831976	0.0237651023692252	0.0206869043290758	0.0849726445162803	0.112341134314469	2.93701714370268
972.8019	TG	(16:0/22:5/22:5)	0.152776744929622	0.0520562221954116	0.111028760100979	0.202093972296691	0.019037051618869	0.0219175260054909	0.0219134684397285	0.0420576302911048	0.0690428841754027	2.62739238093317
862.7882	TG	(16:0/17:1/18:1)	0.0602617806359505	0.0186465936269049	0.0648353281789432	0.107793897391924	0.00996437038986567	0.0101997809838221	0.00968799667135247	0.0622477438606533	0.0903233670086973	2.65982991979836
816.71	TG	(16:1/14:0/18:3)	0.0218144420670439	0.00368298993217986	0.0201804050110155	0.0453321231781892	0.00283616901104961	0.00238986435458883	0.00188043793535398	0.0976378160401884	0.124224756486541	3.26378166769134
860.772	TG	(16:1/17:1/18:1)	0.0381344382349544	0.0109978430100449	0.0418990809473371	0.0740319342153692	0.00681523390152622	0.00595883943499409	0.00568061640037042	0.0724990370589872	0.0998309424039089	2.74592246984848
884.7721	TG	(15:0/16:0/22:5)	0.06130700804597	0.0163550381534038	0.057151160749941	0.111036874842614	0.0101854242978392	0.00934102857532209	0.00856275923997043	0.0745504671394304	0.101681175117388	2.71465327250407
792.7098	TG	(16:1/14:0/16:1)	0.0230599514130466	0.00588421259212393	0.0251109825040555	0.044933163415854	0.00303327934863262	0.00418133273928029	0.00361943968664407	0.0771988187270246	0.104303106179773	2.77664776977227
998.8188	TG	(18:1/22:5/22:5)	0.0958138319107906	0.0374529405287181	0.0577182955686923	0.103857853389011	0.00723509262178684	0.00849634230148314	0.00844067960113808	0.0249838014871868	0.0481319493257077	3.19349347142115
978.8506	TG	(16:0/22:1/22:6)	0.0190706426470828	0.00782415722933868	0.0179955403999829	0.0290232289030871	0.00198552024728337	0.00298567028938643	0.0025548885789277	0.0343033850541009	0.0602275977398433	2.88083138134345
656.5851	TG	(18:0/8:0/10:0)	0.00262853991901809	0.00630280266076866	0.00360937545936512	0.00294656388000024	0.00142855910381136	0.000703999874787642	0.000695511327275081	0.0346553230614412	0.0602275977398433	2.03815657710032
824.7739	TG	(16:0/16:0/16:0)	0.07608333672486	0.0446954166091129	0.0575281399041981	0.0727823496208605	0.0193489513527421	0.021009622910722	0.0204715909719884	0.00973679573330915	0.0226841024921959	1.63030389467451
954.7498	TG	(15:0/22:6/22:6)	0.0179131217465425	0.00545629742204858	0.0198704389520753	0.0324922388238114	0.00357889847547022	0.00370040507456506	0.00319874621781207	0.0683333822788507	0.0965629106956874	2.43849715719793
818.7258	TG	(16:0/14:0/18:3)	0.0653255617621594	0.0113217503334695	0.0617516662677474	0.126602187723595	0.00855000105043478	0.00845174288125108	0.00711447127257653	0.0902665152452515	0.117537365772518	3.0428857949747
906.852	TG	(20:0/16:0/18:1)	0.0167897372485405	0.0118279551201166	0.0116259279606789	0.0382610562787237	0.0020152756744931	0.00207225357597853	0.00189789631497505	0.0685641475911651	0.0965723778163142	3.29821536822867
856.7381	TG	(16:1/17:1/18:3)	0.0348856683845153	0.0100448716577388	0.0347805355318431	0.0668454765867664	0.00577284613083034	0.00606602474193076	0.00505675063892016	0.0760558391958882	0.10308197073405	2.70169864265887
840.7106	TG	(14:0/14:0/22:6)	0.0398403683699067	0.00833741191773305	0.0378087559491068	0.0811968603609176	0.00492266894091585	0.00609363705813027	0.00423643142150568	0.0914859985805941	0.11840926648552	3.03925398497463
1000.8329	TG	(18:0/22:5/22:5)	0.0275738074013866	0.0121541641064115	0.0182890073811327	0.0326663016887648	0.0019594675400952	0.00223773400055736	0.0022212953417088	0.0209035947663652	0.0419044155548996	3.40549169994824
990.7502	TG	(18:3/22:6/22:6)	0.0441700124201893	0.0106978958366891	0.0340889550894973	0.0708677544868597	0.0102537636292372	0.0101839578379761	0.00897520326403537	0.0941414717013144	0.120400517220375	2.02692999119597
1042.7888	TG	(22:5/22:6/22:6)	0.0492092022567847	0.0266366154960372	0.0327142195438051	0.0544473018271587	0.0125695910544136	0.0136723140427005	0.0147834214273384	0.0256227355290069	0.0488645974026636	1.57531270004764
954.8515	TG	(18:0/18:0/22:5)	0.0103269626943178	0.00501680442644272	0.00541652421675275	0.0116225841062771	0.000587098727198099	0.000616873004310686	0.000624496009179321	0.0212062447835288	0.0423143125078746	3.73148651761961
794.7257	TG	(16:0/14:0/16:1)	0.0798767079123082	0.0204753129457469	0.0822016637092507	0.142307622484276	0.0105789603310343	0.0164238546281654	0.0134104988629023	0.0719897286279946	0.0994473494829027	2.59188386091532
976.8357	TG	(20:1/18:1/22:6)	0.0387529422011589	0.0127268309151164	0.0309037360401884	0.0560199985632605	0.00318374615374352	0.00440627582206591	0.00404780869029641	0.041712540327165	0.0690428841754027	3.15694894321779
950.8186	TG	(18:1/18:1/22:5)	0.126953272542496	0.0415190119172057	0.112090348575375	0.185015868238674	0.0187708529987104	0.0215117070349639	0.0198615379545614	0.0468756436761395	0.0753450619663978	2.53749186599979
714.6217	ChE	(22:6)	0.00318493830721587	0.00637997185474783	0.00597520618067376	0.00909051331418118	0.00593125838384548	0.00556501496645482	0.00507547507045793	0.640331574233329	0.665019056613409	0.156690186315092
688.6056	ChE	(20:5)	0.000762529044611832	0.000556919165354009	0.00131991509821762	0.00319765465899456	0.000816335250555083	0.00150576818408515	0.00117148652023397	0.668323986900559	0.690761722671801	0.325483721717292
716.5337	Hex1Cer	(d18:1/14:0)	0.00182188985551946	0.00198983332088942	0.00186023646120192	0.00161604205944793	0.0164940574042516	0.0288846909777785	0.025418398675058	0.0274967512587833	0.0515265208371113	-3.69513352366584
816.6596	Hex1Cer	(d19:0/20:0)	0.0233049999979179	0.0260198391288949	0.02657062638402	0.0240630308993633	0.0201265556108583	0.0208628539586776	0.0201539883532507	0.00679899945417697	0.017547118351798	0.294094971725097
774.5135	Hex1Cer	(d15:1/22:6)	0.159677305198822	0.185774287899479	0.176475933026526	0.171143884413282	0.0985992146759589	0.0817818753531175	0.0768116397305151	0.000343527814153868	0.00242722111311995	1.01511664706202
776.5328	Hex1Cer	(d15:0/22:6)	0.341278356104504	0.436362653452334	0.393195141482464	0.335935167789974	0.211669678313791	0.179264739190826	0.162812076176584	0.00126894555099445	0.00520871935693914	1.02912541421764
500.2791	LPE	(20:4)	0.00738070302487085	0.00365209525104181	0.00422052203518238	0.002872239521179	0.00123162830103629	0.000854569999597376	0.000690520272906731	0.0338675856242949	0.0600696683295107	2.29153518670979
452.2789	LPE	(16:0)	0.0117724913401321	0.00506517337120154	0.00494212629529815	0.00572791155937361	0.00623815238682638	0.00595904384619961	0.00617922304128089	0.67837012757951	0.698747427310285	0.166942473434854
498.2631	LPE	(20:5)	0.0030352355396982	0.00208611971172629	0.00242420891591408	0.0102798313694185	0.00112057129398501	0.00234661850493059	0.00185036588640738	0.26370624881332	0.293688354621552	1.33006144919111
526.295	LPE	(22:5)	0.0255749389225839	0.0127812292418353	0.0135863442283703	0.0120961308595356	0.00839068520682142	0.0083988048601885	0.00778897253827453	0.0921827249945759	0.118599267082574	0.966510566138569
524.2792	LPE	(22:6)	0.170800374770834	0.0899731090545324	0.104106641270383	0.0910058912007321	0.0671283322712584	0.0642923545804498	0.0591761752099627	0.0776262438849448	0.104552847232535	0.843111290552355
508.3412	LPE	(20:0)	0.00516120308471555	0.0021511776226133	0.00191662350936861	0.00326575198281934	0.000928876619655029	0.000649858091895194	0.000495434712653162	0.0441920679137079	0.0716044408676996	2.17567960461907
478.2946	LPE	(18:1)	0.00623676424384107	0.00473517368401186	0.00559409370772109	0.00548446374556668	0.00229311657157079	0.00179237841398331	0.00192560653273619	0.000380187319591646	0.00260230297797664	1.46007227782314
480.31	LPE	(18:0)	0.0410828513968932	0.0179266950589988	0.0169563199431646	0.0197723104803847	0.0121780018482446	0.0102747109216897	0.00939025473737512	0.102036666071833	0.12767399279473	1.17308204445459
640.5892	DG	(18:0/18:1)	0.0429942952060728	0.0445504287025958	0.0356881221407698	0.0404840042196383	0.0284620981082411	0.0228741626991355	0.0238686473867263	0.00173096088889249	0.00637644566762961	0.707266590486901
656.6218	DG	(18:0/19:0)	0.0184702011495228	0.0219754384472353	0.0132748335470958	0.0177759343471159	0.00719375679865954	0.00542396521712896	0.00516282873337147	0.00412964406938914	0.0119454804960183	1.59253324068677
684.5586	DG	(18:1/22:6)	0.154771137024436	0.165075949314822	0.177120476770399	0.170768601918355	0.210148390726326	0.194327383349434	0.177220813852664	0.0849661095500171	0.112341134314469	-0.216026161363531
630.5112	DG	(14:0/22:6)	0.0289645988532428	0.0214212823154233	0.0290782314633944	0.0320923154896244	0.0586231690587325	0.0761293315685937	0.0667916258927162	0.0071148607882182	0.0180382647042473	-1.26835959230847
686.5742	DG	(18:0/22:6)	0.0574815156061621	0.0564899899580209	0.0642576871291441	0.0582937097973661	0.0654046524038056	0.0627923075912138	0.0610227065459457	0.128596719106372	0.153532371010654	-0.0931196558640234
642.6054	DG	(18:0/18:0)	19.2913237239817	28.1137873757663	15.3840273064607	17.5147702451309	7.72781102733475	5.60316884730741	5.42691245179335	0.0129297272565175	0.0285780125515847	1.68293497789731
614.5747	DG	(18:0/16:0)	2.33903293174442	4.02167759709447	2.17281568650928	2.06924596737366	1.01304731102891	0.709078170448525	0.669264811522277	0.0244312096994111	0.0476463863368606	1.73348250628225
638.5746	DG	(18:1/18:1)	0.0359108462094865	0.0394289153124248	0.0420346396021704	0.0432108374592647	0.043144361652848	0.0335012504991715	0.0346397447909805	0.438748316891907	0.46691487550719	0.114038009683549
584.5277	DG	(16:0/16:1)	0.0111748624651738	0.0118745659898668	0.0140138256762525	0.0153052722184029	0.0160617569644337	0.0150283263077056	0.0143613119589043	0.121906282065603	0.148004528366972	-0.210662073170466
670.6372	DG	(18:0/20:0)	0.242585216375414	0.262438289442152	0.169395730458745	0.225227807196207	0.0833166844308306	0.0612700184268415	0.0606887739883894	0.00228922438716756	0.00776894260526945	1.71676031707606
662.5744	DG	(18:0/20:4)	0.0325265430648217	0.0346313921407148	0.0299256615575909	0.0322489111985237	0.0288939658674129	0.0352809691239931	0.0344675118336569	0.821923287600743	0.831570274544414	-0.0242330458569272
586.5432	DG	(16:0/16:0)	0.0776896998109243	0.104177866750889	0.0777416795515322	0.0691890551572024	0.0318522995098289	0.032491502835868	0.0317534011850517	0.00703777505583931	0.0179484085743594	1.3595989924198
636.5593	DG	(18:1/18:2)	0.0104489207778974	0.0123835183369108	0.0121568980536583	0.0138947864508418	0.0130337056087636	0.00936347576504707	0.00982644440167722	0.344308914488654	0.370992855361524	0.186209655503286
612.5582	DG	(16:0/18:1)	0.0585407688393894	0.0588601916855202	0.0650941996216209	0.073283566027072	0.0684242542892048	0.0617360433314904	0.0634259042550474	0.890106361219481	0.894256041225166	-0.0131173492120837
698.6682	DG	(18:0/22:0)	0.143812032504655	0.142260729500612	0.09253005383193	0.132084559402847	0.0473862712549837	0.0346412827577455	0.0365972280776953	0.00317679622308581	0.00985083454133778	1.6909974581177
640.6267	Cer	(t18:0/22:0)	0.242706758470575	0.201172209296031	0.275808401579827	0.365262020403512	0.0748489526436162	0.0568909345254396	0.0546963742887309	0.00809866500462326	0.0197204780621052	2.12583585322114
624.6303	Cer	(d22:0/18:0)	5.71373938539843	4.47821045490399	2.39183531244736	4.40464372813139	1.91300624724658	1.20297852862049	1.23164228078343	0.0215715967016235	0.0424562331406168	1.5512148413835
596.6001	Cer	(d22:0/16:0)	1.04723901047708	1.55155584299819	0.928560108757809	0.981383762295765	0.413878793194339	0.289391322817235	0.285974614970043	0.00861522672819064	0.0206346314540288	1.77328702974281
696.6889	Cer	(t18:0/26:0)	0.0421851582088652	0.0430973019657345	0.0403138100898882	0.0463807025540238	0.00961429183980755	0.0057765093849278	0.0117867210301446	0.000111365806019946	0.00128837158116883	2.24669206792668
582.5848	Cer	(d19:0/18:0)	0.0337438913453659	0.0175172067914852	0.0117104208100527	0.0333271647477777	0.0103375759574635	0.00722343955097062	0.0090404477382729	0.0707372781944933	0.0983476351671826	1.44097297359542
668.6572	Cer	(t17:0/25:0)	0.0496980118507654	0.054443497328325	0.0429372800886756	0.0490820436601509	0.0154029903484785	0.00973614589680139	0.0136451739185781	6.59448394199091e-05	0.00104628913614927	1.92345446424443
648.6319	Cer	(d18:1/24:1)	0.00659769935079973	0.0060806899260465	0.00744121439686392	0.00693491838453573	0.0167200225871342	0.0221203054203055	0.0184972360132463	0.0139089153054765	0.0302764772558606	-1.49864835736099
646.6132	Cer	(d22:0/20:3)	0.0179632806059744	0.019365931371948	0.00572520757721065	0.0124723394622867	0.0107213569443392	0.00538417008649185	0.00695138673476739	0.144164457420543	0.169304853264997	0.85294627494874
650.647	Cer	(d18:1/24:0)	0.0403257702235971	0.0387047420713972	0.0432338926122011	0.0423933311904937	0.0305830241568614	0.0238390841737227	0.0239350984035798	0.0101865900538699	0.023107475332726	0.656294921580817
678.678	Cer	(d18:1/26:0)	0.0528752924055614	0.0436565545047675	0.0494996675492696	0.051039071849892	0.0276610398043576	0.0199317571289771	0.0197853749215138	0.00109695025716927	0.00477561172565614	1.13332177427428
544.4957	Cer	(t18:0/14:0+O)	0.00586849982447737	0.0055769781223114	0.00519445418369715	0.00510605756011895	0.00228004577014527	0.00197845882119775	0.00247640505798265	3.37236756786572e-05	0.000726745210875062	1.27598137332231
355.2854	MG	(18:2)	210.359799726766	142.61961854698	138.653048060978	204.793778538229	78.001247814809	78.9254309571857	67.6986796869528	0.0128551511837178	0.0285596400009402	1.21741226679928
359.3159	MG	(18:0)	367.381083504681	267.648592435554	265.949281428187	384.080124214788	128.337036061179	118.392347200792	115.223314881516	0.00739439860212902	0.0185289871948698	1.41292411481665
387.3483	MG	(20:0)	1.961651941863	1.78212622053015	1.76240784240654	2.02823815920977	0.847786629092633	0.978821537115656	0.782206974799839	8.72432865876805e-05	0.00110593695644971	1.11506503609598
329.2698	MG	(16:1)	1.50993329515779	1.39514031486744	1.33884790376577	1.35740765102182	0.552071851033054	0.538841445607356	0.421165733545294	3.3373441648074e-05	0.000726745210875062	1.47419816687028
357.3009	MG	(18:1)	30.0382484796484	24.1113575472767	22.2992437570592	28.0299706042198	10.8205411676741	11.1321783620475	9.51645339684639	0.00195835801129283	0.00687606351014069	1.31616184684175
496.3416	LPC	(16:0)	0.0340917230574018	0.0302673963585844	0.0280722254774341	0.0338250541114466	0.0151433601112684	0.0142382088068445	0.0155007304185008	0.000889424941233484	0.00435616079172309	1.07710051725322
662.5143	LPC	(28:1)	0.00173643369773426	0.00172839638519278	0.00119855350666729	0.00166970054905808	0.00105044358412236	0.00146611175463456	0.0010958749828529	0.0977081031297851	0.124224756486541	0.394900986837922
636.4989	LPC	(26:0)	0.0369538218862473	0.0379855640461134	0.0341838776746463	0.0362268796270109	0.0157733174850804	0.0139953891195706	0.0137105693745805	4.34172692267822e-06	0.000238201745183028	1.3260951720953
568.3426	LPC	(22:6)	0.00326217450812701	0.00307042913635229	0.00340039398062085	0.00457197396480291	0.00199715489327198	0.00270553827834369	0.00297997699410604	0.0728111663732809	0.099941441741669	0.481799411188386
570.3581	LPC	(22:5)	0.000357176828433332	0.000330272390054223	0.000320779482134582	0.000455935248967354	0.000263611961161777	0.000357521796626686	0.000368319568742156	0.463949813952082	0.491308033939429	0.150336048327732
664.5293	LPC	(28:0)	0.00389666185332964	0.00439831066547397	0.00315365109537156	0.00409619687952779	0.00256948509724523	0.00395980795344385	0.00343649318491029	0.314791802988719	0.346110375224842	0.226340923839467
520.3413	LPC	(18:2)	0.00111950070236854	0.00151050885239869	0.0012797552182404	0.00145525783982959	0.000537882205783135	0.000531532852216808	0.000609844858172436	0.00195724835938724	0.00687606351014069	1.26072120430471
550.3883	LPC	(20:1)	0.0058492099791958	0.00484021288836419	0.00529401400883706	0.00640595026036855	0.00161728460636792	0.00136930819951011	0.00138411409320299	0.000770856606727884	0.00400288189758697	1.94183899973809
468.3107	LPC	(14:0)	0.00050307447372214	0.000807386058774278	0.00069093325100679	0.00055061356111444	0.000456034381593082	0.000447743711902538	0.00037588253231357	0.0488327243175548	0.0776638530659266	0.580833732882227
522.3578	LPC	(18:1)	0.0196475658001787	0.0230769192234556	0.020472891692541	0.0229662160523687	0.00856761113629471	0.00834729615776741	0.0087093652041772	0.000571727462592812	0.00329952807188914	1.33452986252649
552.4041	LPC	(20:0)	0.0235563191567516	0.0181737296584736	0.0189172240492667	0.0255496571162789	0.00484656815173672	0.00304564386256346	0.00349675980772506	0.00122510041307727	0.00512639104889617	2.50496147868491
580.4357	LPC	(22:0)	0.00408594230551853	0.00321949972825324	0.00348479260422133	0.00385857780678366	0.00107884946103346	0.000547966017713567	0.000619867316233535	9.08343011866322e-05	0.00111855953746967	2.28987786064188
774.5478	PE	(18:1e/22:6)	0.0574447601013347	0.0606945037779076	0.0538997093129379	0.0483910143490776	0.0421449709942986	0.0512817756254516	0.0486721222272216	0.0993115663389793	0.125155804362866	0.218387933516819
816.5546	PE	(20:1/22:6)	0.0417999397157723	0.0478773213482479	0.0438803803972367	0.0395513551455328	0.064133865332018	0.0753801849713205	0.0802256510358808	0.0150266732350583	0.0322213739517917	-0.759152346038039
818.5737	PE	(20:0/22:6)	0.0612592554110616	0.061142037336433	0.0584735464408157	0.0608921345018672	0.0415061081847778	0.0373463266606158	0.0393977665770529	0.000420132678264193	0.00282933100518543	0.616737040015513
772.5882	PE	(20:0/18:1)	0.0467071782817033	0.0464860919763249	0.0464898015493087	0.0454791103364457	0.0211232698414113	0.0232430975282734	0.0219317016696094	8.22204395661408e-05	0.0011002189007889	1.06671321385443
718.4835	PE	(14:1e/22:6)	0.0167524533479649	0.0217579249550274	0.0146702166017185	0.0151581417986079	0.0109091331705622	0.0143780890543162	0.0137391250254265	0.0917603132393589	0.11840926648552	0.393217642209891
696.498	PE	(16:1e/18:3)	0.00285585575971486	0.00235664177244802	0.002718350498022	0.00273479195199212	0.00194366875428899	0.000450440103825728	0.000586092382891646	0.0659407312273991	0.0941074674139371	1.42445137813667
762.5062	PE	(18:1/20:5)	0.00117960909440685	0.00159698481931062	0.00134380624464649	0.00117723415589628	0.00442809108976931	0.003961099246694	0.00412129952235219	8.42394982042542e-05	0.0011002189007889	-1.65475561410351
790.5386	PE	(18:1/22:5)	0.0479935602786697	0.0559361250090569	0.049651889199111	0.0476538895419238	0.127066811113274	0.11907494095679	0.125518243662737	1.31908202216627e-05	0.000379016234369108	-1.30013633298813
788.5238	PE	(18:1/22:6)	0.319964313638811	0.378422424558983	0.366372884295413	0.318885244977453	1.08754239365405	1.06751784331733	1.11410324354321	3.17542231826509e-07	4.56202339724085e-05	-1.65548532092555
604.436	PE	(16:1e/11:0)	0.00145551264412689	0.00136736893469645	0.00113823141147381	0.00161925294080248	0.000508655537493034	0.000445520833056368	0.000630382275277122	0.00104220292980334	0.00463459411799866	1.4012411741985
744.4992	PE	(16:2e/22:6)	0.0109565880758233	0.0143730824474672	0.0108034811281337	0.0110807739870508	0.0093861686767541	0.0113100077132705	0.0113644962004459	0.34762243429649	0.373629100203958	0.143370251006449
784.493	PE	(18:3/22:6)	0.00502989441652442	0.00541641706561307	0.00724266422806185	0.00569415752863444	0.0303585792872781	0.0131136922597572	0.0150233373095104	0.128388287101622	0.153532371010654	-1.73789757020428
810.5087	PE	(20:4/22:6)	0.0136026402325921	0.0114313983723171	0.00946529054183807	0.0128776978834497	0.0489525669774923	0.0455484953299153	0.044174038561871	7.78583447727163e-05	0.0011002189007889	-1.96448669857884
672.4995	PE	(16:1e/16:1)	0.00561078982236575	0.00535040636895329	0.00436339314985983	0.00459754871280904	0.00163686861069278	0.00163363148538637	0.00203098120287175	0.000547142282045849	0.00327525449391335	1.49486755938248
748.5303	PE	(16:1e/22:5)	0.187865849709119	0.178005834073372	0.139187147611309	0.157855447272884	0.147476241442978	0.160717371215117	0.17012485370878	0.642010699185746	0.665160123435232	0.0558133381646072
702.5098	PE	(15:0/18:1)	0.00522411066496476	0.00619286346924372	0.00654147865828686	0.00556247574798511	0.0113141771125866	0.0103551483428619	0.0098123976758134	0.00129807605384874	0.00524359186540815	-0.8356069923787
786.5084	PE	(18:2/22:6)	0.0295062851663489	0.0406674491826931	0.0390867482642852	0.0294392365921283	0.0669924847971252	0.0631707260310584	0.068124615327222	0.000538024126113435	0.00326603377964635	-0.930668738608009
742.5414	PE	(18:1/18:1)	0.0916932510524699	0.104952788701993	0.0980698980180232	0.0942287506518072	0.109172828046168	0.0931674643928808	0.0979697962356898	0.636906358032296	0.663059517661642	-0.0419254361040268
766.5396	PE	(18:1/20:3)	0.00237908540454586	0.00226252012430034	0.00282424476936253	0.00274355624209484	0.00364395727566715	0.00131993678422422	0.00164763227973329	0.680913966288445	0.698747427310285	0.211806230910342
812.5261	PE	(20:3/22:6)	0.0204311522770903	0.0195036754681191	0.021452831027342	0.021620519415415	0.0509227293121965	0.0335053378917923	0.0358026768206986	0.0703167757541782	0.098079386246119	-0.949517965152464
740.5249	PE	(16:0/20:3)	0.00199216953441999	0.00201575182211354	0.00200127385463438	0.00225130841462689	0.00572186376254195	0.00221772854198584	0.00253759343829048	0.330007014858949	0.359174301525775	-0.757987101018468
688.4932	PE	(16:0/16:1)	0.0173746551242952	0.0160475765018272	0.0170265738771271	0.0169205506481113	0.051747503542087	0.0562600153563846	0.0567308991369898	0.00130616994295679	0.00524359186540815	-1.70505012246582
774.5462	PE	(18:2e/22:5)	0.0215295641488237	0.0262803694635571	0.0212855034564833	0.0198522472762625	0.0175459304228858	0.0195316081928475	0.0197866957882519	0.099244446780701	0.125155804362866	0.230398014203768
762.5084	PE	(16:0/22:6)	0.501652316892795	0.510193929191215	0.520093343113674	0.50069116229187	1.41923294791668	1.58752716917279	1.6303762160974	0.00369590706987648	0.0111394122175997	-1.60492348384806
688.4934	PE	(18:1/14:0)	0.00130173144923601	0.00101637572699453	0.00107843189808014	0.00102392401597996	0.00286371566180219	0.00294614682849965	0.00281482073110455	7.01107381583629e-06	0.000274706619511404	-1.37931145274093
740.5242	PE	(18:1/18:2)	0.0270951412459847	0.0330816676149589	0.031244198108229	0.0298184169054389	0.0330889851843407	0.0251683074761538	0.0275623639025799	0.565990123032209	0.593532221476599	0.0834413695681082
690.509	PE	(16:0/16:0)	0.0011360527635205	0.000953302719346857	0.00174585068716355	0.00103399361036122	0.0184220440064395	0.0174351612336421	0.0186791765819597	4.3423605175509e-05	0.000880451864497536	-3.90049988825768
744.5559	PE	(18:0/18:1)	0.167206188171018	0.156631174060514	0.154188900244843	0.166435318821374	0.118065225081159	0.127342985489096	0.127903073611287	0.000570153812693002	0.00329952807188914	0.37267773953045
834.5088	PE	(22:6/22:6)	0.0264064065408108	0.0309853629697026	0.0277737674667554	0.0234767365215374	0.0710468331466134	0.0937981528597819	0.0915078664313782	0.0120892949853207	0.027137948638923	-1.65358287444933
790.5407	PE	(18:0/22:6)	0.903579567126259	0.917495337919315	0.874680424845407	0.83684739308113	0.744366413094857	0.768120516584469	0.773672210319014	0.00293647746057555	0.0093749761889486	0.212768180032785
734.4783	PE	(14:0/22:6)	0.00261879569758513	0.00253900484037956	0.00283812950039186	0.00270667282309859	0.0134928761112742	0.0143544638547273	0.0143167052141076	0.000343068825111535	0.00242722111311995	-2.39308908256919
760.4929	PE	(16:1/22:6)	0.0149786239434758	0.0187763193514861	0.0194033111112998	0.0164526242364179	0.0500040049802773	0.0506730887588452	0.0531381384254375	2.64822420965748e-06	0.000228276926872475	-1.55885118808955
776.5629	PE	(18:1e/22:5)	0.0127675962470059	0.0126700910312317	0.010504643228219	0.0113719246965573	0.00721150087666881	0.00811247056442398	0.00788714549912704	0.00198715464479678	0.0069069649347372	0.612421467885598
764.5245	PE	(18:0/20:5)	0.14275825112338	0.125583372669259	0.107102168008623	0.14333916641719	0.107300749354253	0.11559587425931	0.112410396342649	0.125645287016209	0.151265694703872	0.214610901645197
722.5151	PE	(16:1e/20:4)	0.0543850227200846	0.0619468097232735	0.0505831080736343	0.0519159422218944	0.020645090618019	0.0205075695067982	0.0205400263170841	0.000886302148586403	0.00435616079172309	1.41160747938085
648.462	PE	(11:0/18:0)	0.00265273899386849	0.00279898061727186	0.0024316031756643	0.00346625557641976	0.000621923214076037	0.000648711655130376	0.000704072121333975	0.00209561272773253	0.00716832607660889	2.10789069770723
710.4777	PE	(18:4/16:0)	0.000790839965862199	0.000492630399260059	0.000370716786159716	0.000816324454345877	0.00271087773383457	0.00271087228834386	0.00260907226464047	0.000133772489871463	0.00140624251547806	-2.11577538099776
738.5094	PE	(16:0/20:4)	0.0227282524078058	0.0234460371461783	0.0238211738361932	0.0241506828505032	0.0438071333712001	0.0478883660907609	0.0469513853498372	0.00181952806716168	0.00653513830788903	-0.973478754646285
714.5091	PE	(16:1/18:1)	0.0359409292426284	0.041207258835152	0.0415249797235624	0.0375993430060722	0.059318324049037	0.0549965657220053	0.0581030330452412	0.000210705290574386	0.00178066627916785	-0.556883226748915
792.5557	PE	(18:0/22:5)	0.111753813500383	0.114144623607293	0.0975201727554937	0.104837235052438	0.0814675154836253	0.0832591664943203	0.0842103906460239	0.00623271830107793	0.0161825396853288	0.367654339567935
800.6202	PE	(18:1/22:0)	0.00570786166649492	0.00545752046008462	0.00602155231010434	0.00610881745689877	0.00257650690723899	0.00263368891300711	0.00249609737548276	9.75887934665596e-05	0.0011683547217802	1.18092041501504
748.4923	PE	(15:0/22:6)	0.00189662026460152	0.0012841839939359	0.00157853782248078	0.00198871461074233	0.00718542625946743	0.00722878829412892	0.00697850784466949	4.17111533144169e-06	0.000238201745183028	-2.07961358901024
756.5583	PE	(19:1/18:1)	0.00219011906369946	0.00220060473103499	0.00229431892179193	0.00227904667776669	0.00261740047226219	0.00238403295249796	0.0023299765662905	0.138626038378141	0.16324541677863	-0.124971150060802
820.5882	PE	(20:0/22:5)	0.00734243202333691	0.00770627612901646	0.00673449231627049	0.00756560853527755	0.00431105766455909	0.00383935111239212	0.00399407115212182	6.79723800746623e-05	0.00104628913614927	0.857963749793429
620.4307	PE	(11:0/16:0)	0.000616338675722949	0.000530169602522366	0.000637147176221913	0.000817548040301777	0.000482958799032861	0.000497682504977405	0.000642406447630244	0.224910524052668	0.255095883859737	0.265436321903991
720.4986	PE	(16:1e/20:5)	0.193754635431371	0.138651959517364	0.104011667922722	0.16864880551555	0.082228773365027	0.111801073364017	0.0972299512932512	0.0618721429782613	0.0902085246152158	0.639750983798817
686.5148	PE	(16:1e/17:1)	0.00755785785087627	0.00677961066631186	0.005351358955815	0.00590879289192191	0.00254037102253862	0.0026899601161478	0.00245373026796423	0.00376217766616321	0.0112604067646968	1.32103124636329
766.5411	PE	(18:0/20:4)	0.0626302015420971	0.071884820062818	0.0662132661121986	0.0626223609248096	0.0461836853489145	0.0445016506615364	0.0442607577444181	0.00152290458247935	0.00580860066414692	0.549564297488571
728.5257	PE	(17:1/18:1)	0.00691841767852214	0.00789004741220917	0.00802247041533826	0.00733204443588159	0.0112804962096299	0.00971107942069003	0.00940784154512593	0.0305051149350806	0.0557106124449988	-0.426302197292162
808.4941	PE	(20:5/22:6)	0.00332122346071021	0.0031205128622998	0.00232187899591606	0.00328979872161674	0.0123052108541716	0.018252112579232	0.0161237125835944	0.0172543068188033	0.0362761279946548	-2.36843224211893
662.4776	PE	(16:0/14:0)	0.000125687319836289	0.00010905018501795	0.000156315446208732	0.000136938749529637	0.00834387750443618	0.00931071859363087	0.00869110733067639	0.00105380562311802	0.00463459411799866	-6.05594613685671
716.5246	PE	(16:0/18:1)	0.0198605080786003	0.0202067362337422	0.0210050986977476	0.0206514568494112	0.0263550253686589	0.0278208799711053	0.0278880068451877	0.00112879753583906	0.00486511737946637	-0.421029146203068
736.4938	PE	(16:0/20:5)	0.031980219218628	0.025202175350089	0.0228096354306931	0.0358507160976071	0.0545666521457909	0.0607861678748478	0.0602372523107708	0.000523946582181023	0.00326603377964635	-1.01508107049306
746.5135	PE	(16:1e/22:6)	1.31460646964294	1.2788295278327	1.11647798760956	1.16922163058414	1.08629261753104	1.19041004435375	1.21292670480673	0.39289313845694	0.420190924751715	0.0685142682541969
712.4936	PE	(16:0/18:3)	0.00307167591021046	0.00347809606472564	0.00426507606063143	0.00395991450420894	0.0112332719456178	0.00515334972579698	0.00598306419581786	0.184589245559395	0.212721831112565	-1.01344755278579
686.4774	PE	(14:0/18:2)	0.000326484538881219	0.000396687448596074	0.00022519567313735	0.00012712233602297	0.00286579547096757	0.00268329242840401	0.0028242476198029	7.78953990885209e-07	8.39322925178813e-05	-3.37584582827869
772.5298	PE	(18:2e/22:6)	0.189787365847968	0.229310031091877	0.206454765308823	0.175716871313829	0.199111154095211	0.223935597038349	0.22450913913042	0.325834756764203	0.355531089026257	-0.107755493517434
770.5716	PE	(20:1/18:1)	0.0372969660405309	0.0371014132276281	0.0370806661903919	0.037066647527411	0.0278426714849651	0.0241143074828045	0.0250343602471274	0.00929379389942139	0.0217697020144055	0.533101205489541
718.5405	PE	(18:0/16:0)	0.0105368131488548	0.00962142301572941	0.0104182969662572	0.00943642622492023	0.0240968042982388	0.0242057843002076	0.0249171796166126	2.85801876154578e-07	4.56202339724085e-05	-1.28680337166742
698.5137	PE	(16:1e/18:2)	0.0216018311163116	0.0190727009689563	0.0149794972871836	0.0170939693324192	0.00553282721609857	0.00420370846149597	0.00643448555573033	0.00104011887473024	0.00463459411799866	1.75445926993904
829.7137	SM	(d19:0/24:1)	0.00264465403447405	0.00298865023454016	0.00269738161902091	0.0029687900034221	0.00086046683235395	0.000627552773191177	0.000686290959738423	8.67284796470504e-06	0.000287538267137529	1.96258843178498
787.6717	SM	(d18:1/22:0)	0.33165361630593	0.363232697836315	0.246663475035568	0.261216894461252	0.0908986581394541	0.0940025670065389	0.0984949697242133	0.0049580605230867	0.0136982313169895	1.67042701938816
797.6546	SM	(d18:1/23:2)	0.00172077609134208	0.00185195677073195	0.00253198342504923	0.00280794629507343	0.000378426685245247	0.000853944170755727	0.00086115313813734	0.00503255827177332	0.0138154943639127	1.67488553666086
801.6871	SM	(d18:1/23:0)	0.00906853645575285	0.0115031936838308	0.0102400938201567	0.0100205349510089	0.00350931733050774	0.00304048077601702	0.00335227851887922	0.000443944171530611	0.00289908996863172	1.62887239759394
725.5589	SM	(d18:1/18:3)	0.174432542443868	0.194248052440217	0.166165356466355	0.193582286406605	0.0360997444853201	0.0342349923408331	0.0331404763421631	0.00019893062372125	0.00174977752701752	2.40046413000763
685.5304	SM	(d18:2/15:1)	0.000204839495278912	0.000301331573198391	0.000390989280309227	0.000267221209377843	9.88127114659375e-05	0.000150186760473666	0.000145712321906022	0.0195636722363262	0.0402879266753867	1.14565486343103
815.7032	SM	(d18:1/24:0)	0.135318107035593	0.13829510696515	0.111520840213939	0.130695479040612	0.039457117509203	0.0302220921945917	0.0328886543560369	0.000115729465002495	0.00128837158116883	1.91527809084389
833.7101	SM	(t18:0/24:0)	0.00294856474416474	0.00288763709667732	0.00211351989750112	0.00301672853114907	5.64983915533605e-05	7.69751702653459e-05	0.000135822878874068	0.000978389489966016	0.00453425666855218	4.93272014403468
675.5453	SM	(d14:0/18:1)	0.198243521947196	0.201987017686336	0.176550761136705	0.217214082443502	0.102076249240366	0.116208985686142	0.132628014417232	0.00143698893030103	0.00568203879779581	0.762978699137505
713.5595	SM	(d18:2/17:1)	0.000823276578096724	0.000769116003261472	0.000756469491545757	0.000983647064692933	0.000566698978502378	0.000249118397877842	0.000244559543822788	0.0279672706625975	0.0521813578163616	1.23699415738998
721.5864	SM	(t18:0/16:0)	0.00836495356436083	0.00878284994163231	0.00736534507583545	0.00835434957287881	0.00322620720946937	0.00283322686424531	0.00369012617067712	5.28847784889728e-05	0.00094972248036447	1.33821509219854
711.543	SM	(d17:1/18:3)	0.00744011948579165	0.00800735341283208	0.00773696688675095	0.00906393422880397	0.00948300230789043	0.00625596107717473	0.00700988076448489	0.680727617524989	0.698747427310285	0.0883956763863442
841.7194	SM	(d20:0/24:2)	0.00717553154340328	0.00694609664361612	0.00763363676229698	0.00751313374690928	0.00250748709953162	0.00317099852504256	0.00327484334781406	0.000207985183512523	0.00178066627916785	1.29381021597489
647.515	SM	(d18:1/12:0)	0.00129592671533489	0.00166722756495366	0.0018034241440511	0.00175707832598481	0.00049533946029036	0.000661306245466121	0.000717154904829565	0.000942064031229007	0.00446186370834838	1.38467593041432
699.5422	SM	(d18:2/16:1)	0.016850464453943	0.0100776884168406	0.0082593728933514	0.0165732370339305	0.00830219434896407	0.00628640263973192	0.00756911877970965	0.0830098616185126	0.11042361221475	0.809012217099014
697.5272	SM	(d14:0/20:4)	0.0696242490487776	0.0624202967276711	0.0530301040008645	0.0765951181544989	0.0465859340078777	0.0504667414599583	0.0564466477004322	0.0624509590918603	0.0903233670086973	0.354477458412536
813.6881	SM	(d18:1/24:1)	0.0542387812110714	0.0507764278876113	0.0417198957129472	0.048275660084762	0.0300522550546816	0.0475148403328075	0.043120603026621	0.242143885026209	0.271781287620562	0.277237634885171
677.5604	SM	(d14:0/18:0)	0.0410428975848456	0.0363707289548641	0.0296417971658371	0.0397100824577361	0.0149573706860243	0.0126434959579014	0.015016311303977	0.0018070508491992	0.00653513830788903	1.36896846857523
705.5921	SM	(d18:0/16:0)	0.0436321408436873	0.0388907061031337	0.0378546071718499	0.0446877761484092	0.0223521005156877	0.0188601285383179	0.0216915800027065	0.000219509526958343	0.00181939627152011	0.976779474910792
835.6701	SM	(d20:0/24:5)	0.0165623615904291	0.0137196724475923	0.0121958102452401	0.0180370859040481	0.0104724855696071	0.0167466059708707	0.0158135398240264	0.757556463053199	0.771883772047113	0.0768225663304137
661.5301	SM	(d18:1/13:0)	0.00195705296361142	0.00226221283235156	0.00193309781949386	0.00214667654648286	0.000656224290612018	0.000745518619912071	0.000796397044121865	6.13013509501136e-05	0.0010161877792115	1.5016237447512
741.5928	SM	(d18:2/19:1)	0.0285477158658998	0.027561462560441	0.0327117377831563	0.0371284626497035	0.0183377368082324	0.0283595410559685	0.027193766793481	0.153161458544711	0.17841240171019	0.354335077548902
731.6094	SM	(d18:1/18:0)	0.0141480420297859	0.016334441164084	0.0139661945221189	0.0143658764838151	0.0106158678384031	0.00994874990573404	0.0106915661615607	0.00200374568364916	0.0069089151172223	0.496994058842058
781.6235	SM	(d18:1/22:3)	0.0126777901191915	0.0181767802081489	0.0155176984718	0.0135850542595449	0.00744595964700875	0.00993491562100208	0.0114283405643158	0.0247641355602883	0.0480781190382174	0.64236808096281
807.6368	SM	(d18:1/24:4)	0.0046622744492167	0.00568370323106976	0.00504261253810419	0.00497027779157173	0.00467048709275274	0.00852160555792165	0.00911699120331797	0.232311479035101	0.262110595455834	-0.547011421108057
825.6841	SM	(d19:0/24:3)	2.10009193809978e-05	1.90075135047549e-05	5.87215830644417e-05	0.000165403642104358	1.86111013455807e-06	2.10093719226431e-05	1.22175483015831e-05	0.211977878915338	0.241699645006642	2.49717978336952
799.6709	SM	(d18:1/23:1)	0.00199558277295627	0.00181816180317177	0.00194048980473621	0.00224130302938955	0.00158261666810002	0.0023172063454621	0.0024091314902963	0.736292820187365	0.753781960809393	-0.0732434403693394
759.6405	SM	(d20:0/18:1)	0.0388448892524925	0.0573413282760062	0.0533132221842931	0.0449158055648548	0.0215436719435831	0.0286699426439108	0.0331550529100646	0.0115878280383274	0.0261484496571682	0.806526672964592
809.6537	SM	(d18:1/24:3)	0.102914913597507	0.11171919000789	0.0726586353116072	0.0810681697818718	0.0335251392009472	0.0336999421130121	0.0372574918050488	0.00758249268638401	0.0187452356084245	1.40282013612648
805.6805	SM	(t18:0/22:0)	0.00632758344309513	0.00771418488392203	0.00613679244796897	0.0070901774875217	0.000454108872186062	0.000489891898810618	0.000567103064932845	0.000380383033903777	0.00260230297797664	3.75853574411145
717.5917	SM	(d17:0/18:1)	0.0155424215324675	0.0172816953164366	0.0182757982788545	0.0173014846895925	0.00995739271179497	0.00549765207301885	0.00768245542869185	0.00862896875374503	0.0206346314540288	1.14875534711505
707.5717	SM	(t18:0/15:0)	0.00149868174631428	0.00201588374190959	0.00173618656604803	0.00181309420945279	0.000576965421312498	0.000166250457151654	0.000222967130911379	0.000680548632822056	0.00371286659172539	2.45504805762365
785.6569	SM	(d18:1/22:1)	0.0157611966739169	0.0182910948796821	0.0182174724060448	0.0176914363017096	0.0129342365532514	0.0223634806838601	0.0240228015393109	0.578188413084143	0.603387908085389	-0.177013673451878
773.6562	SM	(d18:1/21:0)	0.00461673424148918	0.0067312868644957	0.006445009279797	0.00595301494752379	0.00212404730439848	0.00227544171956188	0.00263198808112709	0.00280037546531839	0.00900717780262854	1.34075007397167
703.5769	SM	(d18:1/16:0)	0.523189221942379	0.51313189317905	0.472467921950139	0.548861789197773	0.287505622997681	0.299377906777717	0.322550535827805	0.000131561504318194	0.00140624251547806	0.762919734402717
819.6355	SM	(d19:0/24:6)	0.010973739051675	0.0148712215358974	0.0126021855533395	0.0132255919931586	0.00228223668240834	0.00236156963612897	0.00224889674326616	0.000929310529297355	0.00445036486807956	2.49122406444887
837.6841	SM	(d20:0/24:4)	0.0642287956988779	0.0340065103644515	0.0569666230624409	0.106480614365711	0.0115275907511295	0.00990580929451406	0.00973021913228628	0.0356829914723942	0.0615174772984077	2.6548454927573
854.5696	PC	(20:4/22:6)	0.0233104040905567	0.0242201688951587	0.0259392381763659	0.0255473958266634	0.0384581625425975	0.0386155106888005	0.0398847631944227	8.29515016900064e-06	0.000287538267137529	-0.655282268544798
690.5451	PC	(12:0e/18:1)	0.00530455587288816	0.00599394392315022	0.00477973120004911	0.00538061887391326	0.00196170493005586	0.00256906836314812	0.00208100998817233	0.000163355180987219	0.00156457962234425	1.28342391237468
698.478	PC	(10:0/20:4)	8.36542348699046e-05	4.52142389894782e-05	6.54755054460924e-05	0.000129372818842512	0.000187562481477973	0.000178566726311576	0.000182017292762616	0.0100115618802477	0.0230747763122286	-1.17486679526875
852.553	PC	(18:2/22:6)	0.00648063914608885	0.0060054009291777	0.00651913235933361	0.00677961130746921	0.0167094517548804	0.0137457071075935	0.0149368739704069	0.00795848637710855	0.0194892478893965	-1.23095665288018
714.5094	PC	(11:0/20:3)	0.000567917782242449	0.000630556727725711	0.000771104762660696	0.000728516046007259	0.000486182491468352	0.000561921974156719	0.000581476492462617	0.0637869121645186	0.0919470205448411	0.312402790217433
846.6009	PC	(19:1/22:6)	0.00899552617971645	0.00863097132463046	0.00946853192820997	0.00926680236100009	0.0115590787842595	0.0144346430202145	0.0138757305492323	0.0365595779062091	0.0627776019026937	-0.547896408154173
728.5242	PC	(14:0/18:3)	0.00580217001952565	0.00525792449204832	0.00588107789648145	0.00692841327822952	0.0104366594215276	0.0097894080096945	0.00988988453767593	0.000268844814301166	0.00203284412217198	-0.750391837469826
678.5084	PC	(16:0/12:0)	0.0105482191003969	0.00872285770828658	0.00825482128125316	0.0110114653916005	0.0228484570370003	0.0284921601843207	0.0262589859786997	0.00426045118644114	0.0120058984305099	-1.42482890099314
822.603	PC	(19:1/20:4)	0.0187711970130438	0.0180975296954592	0.0177135757208203	0.0196937313073048	0.0160637359313563	0.0152885467922272	0.0154429817161092	0.0027057443446384	0.00890210543923015	0.25149673945752
828.5547	PC	(18:3/22:6)	0.0190884197790129	0.0143208522654165	0.0172761442986832	0.0225300262305473	0.0353076759115027	0.0202744826389705	0.0222822594860501	0.240440746978442	0.270574313179395	-0.503853731677198
888.6513	PC	(22:1/22:6)	0.00258165429036601	0.00196493354837466	0.00332427180347064	0.00502686781434366	0.00269726519882581	0.00380861950664658	0.00391006531999443	0.761177413771493	0.773744022017721	-0.106715041810406
814.5764	PC	(18:3e/22:6)	0.000814144399756739	0.00102312989611825	0.00118384970364787	0.000996662284019756	0.000933975872468467	0.000610018418161083	0.000658973595803649	0.0982131229306443	0.124499576420905	0.451914861713393
730.5401	PC	(16:1/16:1)	0.0617603993596182	0.0658331681717566	0.0656325957991701	0.062729383651783	0.117783482129814	0.103175314176542	0.108798189758299	0.00604150503862211	0.0158773699490618	-0.780547451017922
808.5861	PC	(16:0/22:5)	0.621339143547304	0.566862511524408	0.501759678264639	0.621363166398352	0.376633840803854	0.371458813340203	0.369371981654349	0.00530693864146426	0.0142067736302553	0.633453147326348
860.618	PC	(20:1/22:6)	0.0541602909183573	0.0606626388069567	0.0618342558832746	0.0566853035225942	0.0635556125146766	0.0731042201572383	0.0781630514949071	0.0732002179821999	0.100156488731201	-0.295736154616699
818.6074	PC	(18:1e/22:6)	0.0157952519957459	0.01955941672253	0.0180620784619048	0.0156238116885762	0.0133561888286949	0.0153364444614834	0.0159390633307626	0.109715837297059	0.135494343481469	0.214337993626485
866.6643	PC	(20:0/22:4)	0.00184926300861861	0.00110066660977577	0.00233789530364289	0.00413799102911149	0.000978773504295818	0.00094740383645488	0.000880085441010074	0.115094179896715	0.140924975953079	1.33292990127884
820.5882	PC	(17:0/22:6)	0.0366709982757185	0.0377731267392586	0.0410836288334698	0.0394218323737188	0.0463077358589364	0.0402974171116547	0.040368716534758	0.205290839682123	0.234695893641896	-0.127770226098665
766.5759	PC	(16:1e/20:4)	0.0752395963186509	0.0570485479325419	0.0514305065955152	0.0784603880153603	0.0393044423448433	0.0573403184262535	0.055732325290107	0.154954372472488	0.180014378802271	0.367868876187631
718.5403	PC	(15:0/16:1)	0.0316065075709508	0.0335736509708605	0.0354641497865609	0.0339262928562173	0.0511390124706514	0.0453265344096182	0.0442432751652812	0.0156166817162513	0.0331566000970656	-0.479387015974453
692.5611	PC	(14:0e/16:0)	0.00587030355970579	0.00726530132893588	0.00586115362570767	0.0060672682258642	0.00353684424608839	0.00501183138644447	0.00468478848451491	0.0290845959196952	0.0533423865591005	0.506389950132655
726.5098	PC	(12:0/20:4)	0.00275109034591659	0.00185263534684244	0.00174781079996102	0.00320355009719847	0.00346912155565462	0.00329086940934269	0.00326885775238534	0.0713474883352293	0.0988770658279223	-0.484852645209121
892.6799	PC	(24:1/20:4)	0.00204104187284536	0.00125484487845147	0.00177680346002656	0.00319286044802816	0.000608634638698102	0.000543708447146434	0.000521662570307485	0.0343789538669842	0.0602275977398433	1.88876903475124
742.5406	PC	(15:0/18:3)	0.00892154668481805	0.0106334738348914	0.0103346730065284	0.00841530799220998	0.0130102054049175	0.0103945367625413	0.0101323854989642	0.220068741429602	0.250262869541315	-0.22326385342807
702.5443	PC	(16:2e/15:0)	0.00102371034584363	0.00111440704823749	0.000812420046605092	0.000993837836809425	0.00050129166886229	0.000456287471658406	0.000452495325427864	0.00276559265829859	0.00896218372726837	1.06898796722111
890.6667	PC	(22:0/22:6)	0.00515981960076419	0.00381103829742848	0.0042817588088514	0.00544271876572233	0.0024412588985863	0.00194383771078006	0.00198565736294798	0.00353648791608955	0.0107339879706662	1.13810483094909
878.5709	PC	(22:6/22:6)	0.0610239464404345	0.0601591203256878	0.0690144731155902	0.0606777518163982	0.0886052362297455	0.0870618007058091	0.0934890060109816	0.000243411330128481	0.00187339791581027	-0.516509926570473
788.6186	PC	(18:0/18:1)	1.03670148693595	1.08149601719935	0.986899441091341	0.947451358956338	0.468929184648028	0.502443666737914	0.497875516764721	0.000116581187159129	0.00128837158116883	1.04871358674053
834.603	PC	(18:0/22:6)	0.530643562968627	0.525671641399112	0.528817638823169	0.488958828597031	0.396280288221785	0.421281319470414	0.425671296462458	0.000623885492942601	0.00344736727510591	0.323345568667204
764.5577	PC	(14:0e/22:6)	0.0433388509843688	0.040098074953942	0.0394124235978531	0.0430392790849596	0.0615928871240955	0.0649247942360167	0.0578338857924437	0.00329691389498655	0.0101497849195657	-0.567282184525107
734.5719	PC	(16:0/16:0)	0.286228897109226	0.292164829048758	0.294396076453288	0.280142028476491	0.633242801772198	0.616626627485291	0.607266629594341	7.56608864989243e-05	0.0011002189007889	-1.10280980030435
880.5867	PC	(22:5/22:6)	0.0437944071646369	0.0407896861303486	0.0435058064226954	0.0422370948538749	0.0802040180580702	0.0821830677049943	0.0898168730430291	0.00339807144415649	0.0103870127122798	-0.981321319697756
692.5238	PC	(15:0/14:0)	0.00865654521412437	0.00900560071744888	0.00890055936495512	0.00888849308078249	0.015379969046588	0.0159792988903484	0.0149593484370691	0.0011829314035851	0.0050194479409339	-0.800795260637224
884.6122	PC	(22:3/22:6)	0.00319999818552474	0.00373060787627028	0.00493001410079071	0.00398246355631094	0.00221235186178552	0.00182778761489066	0.00214849181421929	0.00980227667988018	0.0227138776829482	0.941123395479313
774.5089	PC	(22:6/14:2)	0.000171355643042175	5.49046443194065e-05	4.56531682174068e-05	0.000200027660801258	0.000352387555942478	0.000328285191310074	0.000326562271112396	0.010075721874407	0.023099128339731	-1.5087590739333
792.5552	PC	(15:0/22:6)	0.0183200583014859	0.0173386365704904	0.0174840921804538	0.0193533043814295	0.0353335084318608	0.0346365330864202	0.0349037145786108	4.42137810084506e-06	0.000238201745183028	-0.94771607766131
814.6338	PC	(20:0/18:2)	0.151904663450563	0.15995115138937	0.15099023264221	0.150934437319335	0.0925467635720909	0.0895915149432797	0.100470278226484	0.000180913731102046	0.00162445454385379	0.703880128808028
766.5407	PC	(15:0/20:5)	0.00758407505074682	0.00651861361042959	0.00571043703510465	0.00835114342773761	0.0085025512510915	0.00883343852704006	0.00856428544897567	0.0693208486647162	0.0970041745925087	-0.294138894499368
802.6341	PC	(16:1/21:0)	0.0181082752685159	0.0202452236925957	0.0214130278593909	0.0210963073530306	0.00917002739826251	0.00914087578715823	0.00893937891524976	0.000594456590041535	0.00332741286114158	1.15416810540018
836.6195	PC	(18:0/22:5)	0.0363846223463426	0.0343077917641354	0.031617713090066	0.0384227255678615	0.0185544061278841	0.0182741475781715	0.0181587211486275	0.0013139394929561	0.00524359186540815	0.940751958129665
764.5248	PC	(22:6/13:0)	0.000538315608134484	0.000352369104606581	0.000388421757234521	0.0006361126481154	0.000599641721945227	0.000628658964828824	0.000613379610890193	0.132866593988676	0.157756203881872	-0.358550682323249
744.5558	PC	(15:0/18:2)	0.0301874377141252	0.031825480333659	0.0337158353149654	0.0334619286503157	0.0490045596186335	0.036409370609169	0.0373807273683705	0.161831616153983	0.186995781668544	-0.341783276106159
858.6017	PC	(20:2/22:6)	0.00484131183571122	0.00521280066066623	0.00565974296149228	0.00487651337676749	0.00824973394418062	0.00679077625278825	0.00752823902050566	0.0165751780851358	0.0350191262484977	-0.547394291277167
840.6504	PC	(16:1/24:2)	0.00267278743313128	0.0028032953397025	0.0031475086047452	0.00377350498230565	0.00238353492768987	0.00197993476349338	0.00224225964188774	0.0280925812050991	0.052189234911197	0.493174991637882
746.5727	PC	(17:1/16:0)	0.141636024445461	0.155765238090209	0.158525007435332	0.150692309949678	0.178784147545804	0.156680840591507	0.1539814670489	0.280642259423284	0.310942966096235	-0.105398852285129
702.5091	PC	(18:0/12:2)	0.000998697308663693	0.000950604780659113	0.000941651000794992	0.0011257328998883	0.00143624969123613	0.00147702343804354	0.00144934879573733	0.0010432738285454	0.00463459411799866	-0.534227269988636
770.5708	PC	(17:1/18:2)	0.0174455151420095	0.0165443733901742	0.0216205849274568	0.0221057711257123	0.0172630156363037	0.017056852632738	0.0166954956531952	0.186314698295769	0.214137693241271	0.19224689084247
778.5402	PC	(16:1/20:5)	0.0183250078873458	0.0153605980931628	0.0136837533485606	0.0212434446166875	0.0237461712305238	0.0216542501050376	0.0229058009497113	0.0372187739017181	0.0634043144333617	-0.408576679441176
800.6198	PC	(19:0/18:2)	0.0193434689070159	0.0185746885248957	0.0190501972778955	0.0206408852615023	0.0150950867534106	0.0140484419917208	0.0140611147962067	0.000300632734979887	0.00223401222028157	0.430004548741052
818.5698	PC	(17:1/22:6)	0.0215174566777877	0.0208723358240736	0.0211523557754825	0.0220717246765421	0.038858672084273	0.0381381400952117	0.0408204157771062	0.0008245492257578	0.00413233391048386	-0.875671517210181
852.5561	PC	(20:5/22:6)	0.0459705741982425	0.0355046201930865	0.035282305024016	0.0502002754222793	0.0492477101591282	0.0603251183580895	0.060282514395448	0.0383074334574021	0.0650019835438596	-0.439860821202389
706.5397	PC	(16:0/14:0)	0.184614729429917	0.160885984738423	0.164505710217627	0.172667791437036	0.376895034427035	0.416329484519489	0.391875170936273	0.000533063393235451	0.00326603377964635	-1.21077675382501
778.5391	PC	(16:1/18:2)	0.0178755619547957	0.0163156531479773	0.018076198927391	0.0201900302752818	0.0375707294400956	0.0175329283005026	0.0198498047948684	0.39113694728734	0.419353294230954	-0.463898705013433
700.4935	PC	(8:0/22:3)	0.00011701871354077	0.000111732608504684	0.000101776661058937	0.000157429919006083	0.000194508028858449	0.00019459437606173	0.000198938445768694	0.00851164435715908	0.0206096557187391	-0.684197193949218
826.5405	PC	(18:4/22:6)	0.00655613180668965	0.0045292692491297	0.00416392248080279	0.00692071068371948	0.00711459252955997	0.0085044332020797	0.00840711147974151	0.0329776181262453	0.0591777259708121	-0.531031220846339
704.5244	PC	(16:1/14:0)	0.040610558625951	0.0386199795409738	0.0364878769221832	0.040679246523891	0.0819867671743235	0.081436085596859	0.0815351055524689	1.79060915370514e-05	0.000482345340779323	-1.06235272041651
720.5558	PC	(15:0/16:0)	0.0374718820526297	0.0442531011059272	0.0451255613380038	0.0369927352319288	0.0674038672073712	0.0649051786189602	0.0600799162677105	0.000742455223888775	0.00390241709141539	-0.646747029364082
776.5254	PC	(22:6/14:1)	0.00176396889408497	0.00186159167655226	0.00175864507908817	0.00173607790587238	0.00480927583067749	0.00429295783361781	0.00445916125329049	0.00235730943984111	0.00781538745055014	-1.34453647938605
566.3842	PC	(4:0/16:0)	3.17278585302536e-05	4.16716458282266e-05	5.00889612621628e-05	4.07788852675193e-05	2.73590387019828e-05	3.84000664218308e-05	5.00484056897864e-05	0.763778309570367	0.774561062176066	0.0892794414795858
832.5856	PC	(18:1/22:6)	0.745462857005284	0.729072162960027	0.78852465198546	0.730012057711009	0.906553137890663	0.857895121823816	0.900784191574659	0.00151041018878849	0.00580860066414692	-0.247672010271385
780.5551	PC	(25:1/11:4)	0.495570902277713	0.344794529667534	0.320605243774372	0.497693455254592	0.58220612458027	0.627642976311899	0.63816209538926	0.0187181479591892	0.038786162357743	-0.57098921748904
844.6817	PC	(18:0/22:1)	0.0177733788249286	0.0158103001417223	0.0164427889418149	0.0194902714406143	0.00543695117252038	0.00443210864117848	0.00443967492986326	0.000154759095797143	0.00151593568837656	1.86542680877493
748.5887	PC	(16:0/17:0)	0.00765963188320907	0.00913231195968456	0.010017158966669	0.00873302633813076	0.0169717323267471	0.0116311821680012	0.0117583904300762	0.112643663553171	0.138317433023979	-0.598480209917217
856.5835	PC	(18:1/22:5)	0.0543807215340752	0.0545019498628376	0.049762710260775	0.0520120534967659	0.0346349993279969	0.0324122281998091	0.0329472964841193	4.49418585126352e-05	0.000880451864497536	0.659940341414876
806.5711	PC	(18:1/20:5)	0.99992556895698	0.87471841954845	0.951364887341179	0.959298731261063	1.46220304258443	1.63929631321969	1.68641506271089	0.00520549433217391	0.0141104909255783	-0.754024321032756
740.5246	PC	(11:0/22:4)	0.00124267668870596	0.00119452811031102	0.00133060181037751	0.0016326254308152	0.00163673818665769	0.00145353519871519	0.00142252204810552	0.252847686219457	0.283058059118405	-0.155984052459451
762.5438	PC	(14:1e/22:6)	0.00141423055149795	0.00164293105942091	0.00111558618021573	0.00125265449143135	0.000613311812657126	0.000736150533993588	0.000825642808073691	0.00613180835813483	0.0160170266809461	0.903607465900994
816.6502	PC	(20:0/18:1)	0.175223082233129	0.191133663064852	0.141047725171361	0.138364429353854	0.0660043687527803	0.0639633803643591	0.0595932857591501	0.00426195466326686	0.0120058984305099	1.35331802101892
862.635	PC	(20:0/22:6)	0.0632572903988743	0.064090101342821	0.0630388701318028	0.06430356702023	0.0436403845890685	0.03784750695413	0.0420703325301731	0.0047501751132232	0.0132085514438658	0.628512806984306
716.5237	PC	(11:0/20:2)	0.0055612860320343	0.00535801055160887	0.00669285044740896	0.00701221326377012	0.00477264811462298	0.0068677291690681	0.00695372563490676	0.962254889534245	0.96449269160293	-0.00979639946397314
744.591	PC	(16:0e/18:2)	0.00434830923522321	0.00378605411243709	0.00432240277703113	0.00455330592453407	0.00160950237051487	0.00228992027470438	0.00249914212693617	0.0042412091580035	0.0120058984305099	0.995531509226627
798.6021	PC	(19:1/18:2)	0.00548365125358215	0.00554435713717507	0.0062028203303515	0.00684013305359146	0.00684395395682677	0.00473626766836	0.00511985123597932	0.577033326662749	0.603387908085389	0.112401890646269
716.5601	PC	(14:0e/18:2)	0.00840918210954841	0.00930907315694221	0.00830770655646273	0.00842577636113914	0.00616864179775695	0.00657150158426587	0.00661474778859671	0.000708571528495306	0.00381742910976846	0.416841077768661
772.5868	PC	(17:0/18:2)	0.088002855864933	0.0913945897987746	0.0897535308312358	0.0920943721866503	0.0934476958305804	0.0797104564938499	0.080306955307506	0.322566777895338	0.35285858191089	0.0961543551777393
738.5081	PC	(11:0/22:5)	0.000506550876248919	0.000480041722176216	0.000596395183994967	0.000628407310461879	0.000426459784553461	0.000411315410473631	0.000409498673896844	0.029023753431844	0.0533423865591005	0.411141025799232
792.5914	PC	(16:0e/22:6)	0.128800782405447	0.129992474593274	0.130361889048574	0.124262144718157	0.139599691813255	0.166121386539685	0.181515589400885	0.106683251176427	0.132891564326705	-0.339528325341286
752.5253	PC	(14:0/20:5)	0.0172351986907239	0.0120574265698597	0.0102771959577728	0.0187102098235563	0.0176236684510677	0.0190088832715608	0.0188503670853852	0.14606198365757	0.171067160207643	-0.344079539434816
768.5914	PC	(16:0e/20:4)	0.0079759555640505	0.00886473788610049	0.00908844638007315	0.00931911372627379	0.0055889910394705	0.00715517479470378	0.00714586514929917	0.0309214323768503	0.0559963754387498	0.410468755346964
806.5698	PC	(16:0/22:6)	0.293655820024747	0.237857002628182	0.216271197383616	0.308060440182143	0.352374282423577	0.3419262387623	0.36679647377864	0.0214571571873476	0.0424562331406168	-0.42219671604588
786.6016	PC	(18:1/18:1)	0.995803535273593	1.06065357641043	1.02570194733459	1.04156920857281	0.857875933468527	0.721723346676063	0.749827873911321	0.0174371106710612	0.0364824985399387	0.408936555270674
794.6072	PC	(18:1e/20:4)	0.0262694484804699	0.0261832500836784	0.025247729548914	0.0265555825898542	0.0277807546618526	0.0353372230289153	0.0370591846849929	0.122355439999057	0.148132569212341	-0.35746058850512
702.5083	PC	(12:0/18:2)	0.000561857717599142	0.000461849207098873	0.000501546061366419	0.000623836623827825	0.00068777083222119	0.000670735582686209	0.000643345358990287	0.0289010816108877	0.0533423865591005	-0.312647014175678
732.5555	PC	(16:0/16:1)	0.999555549250371	1.01717589774815	1.04311361700441	0.96337232143437	1.31105038293717	1.29151316496721	1.29905912614569	0.000138282984468185	0.00141904681680447	-0.370762068098871
774.6039	PC	(16:1/19:0)	0.0692909180687444	0.0800235772485921	0.0823873480434477	0.0765013934308495	0.0636906466659919	0.0480304095098971	0.0477034828960832	0.0256226382707562	0.0488645974026636	0.535970803944282
856.5853	PC	(20:3/22:6)	0.0127447966566281	0.0130570862526615	0.0175908184913327	0.0147997807579804	0.0280360020379267	0.0158182229279044	0.0198130624701437	0.197462709315579	0.226346882220784	-0.544757013827424
572.3367	PC	(10:0/11:4)	0.000120273143657314	0.000179204005117283	0.000179720585744491	0.000221854624918993	2.55260895875466e-05	2.37963612735813e-05	2.89118883449583e-05	0.00549371411039761	0.0145263238133826	2.74861080917834
830.6646	PC	(16:1/23:0)	0.00341604345241643	0.00355159920091544	0.00388354584588939	0.0053994913201004	0.00144664723136954	0.00129992664764588	0.00125486452180564	0.00875035115059028	0.0207219854170572	1.60687196750887
794.5703	PC	(17:1/20:4)	0.0225241134702869	0.0200884900097332	0.0200866237233256	0.024397608834941	0.0320802672456316	0.031070280476133	0.0313223697590289	0.00159990554964339	0.00599282086162927	-0.5323179999063
768.5552	PC	(15:0/20:4)	0.00394355326605628	0.00398355517532147	0.00519232853863458	0.0046001649873369	0.00488739831002928	0.00401479607772895	0.00393720827036184	0.738674557140062	0.75442827992267	0.0497306140370465
724.4931	PC	(10:0/22:5)	0.000257605476917707	0.00023974238099211	0.00024933060120282	0.000380371666928011	0.000776364817754432	0.000830572359585447	0.000909190132865294	0.000224453026700911	0.00182526895298288	-1.57369073894379
848.6141	PC	(19:0/22:6)	0.00869415379561952	0.0073866709330297	0.00657907741552601	0.00836323428983992	0.00257381507891704	0.00323955920458068	0.00286047407774282	0.000813762417135223	0.00412625413865036	1.42356292378461
550.3523	PC	(8:0/11:1)	0.00010554967399766	0.000176351469601505	0.000159505381355352	0.000174606569130258	2.71333203333852e-05	2.11397552450143e-05	2.95071022804553e-05	0.00399461242254203	0.0116329591494298	2.57044907927243
750.5091	PC	(12:0/22:6)	0.000224044679885507	0.000260984184342545	0.000277836263694809	0.000337234668842672	0.00072695834250768	0.000733690370899108	0.000775821708885162	1.97767291774763e-05	0.000501398251499545	-1.43862677249889
728.5253	PC	(10:0/22:3)	0.00434151937693437	0.00363238005827688	0.0042029477508577	0.00525489496929529	0.00972416962373765	0.0046980558835229	0.00542578569726556	0.284578879417024	0.314496146227532	-0.602315192196437
688.5296	PC	(12:0e/18:2)	0.000225967730620414	0.000254397330823407	0.000218017207549271	0.000242259345337997	0.000138026199880966	0.00016769836408187	0.000145769461120973	0.00125747300753716	0.00520871935693914	0.643900763984382
690.5076	PC	(16:1/13:0)	0.000996283563885549	0.000947428561243643	0.000926476373247894	0.00113116318101286	0.00117069180028378	0.00128968663489469	0.00119118576678084	0.0142441409128927	0.0308503755450089	-0.283064662664694
804.5534	PC	(16:0/20:4)	0.0394558366375265	0.041707564400663	0.0399005242878566	0.0423456517093708	0.020542312270599	0.0212309412568408	0.0199099135856586	5.14228773694031e-06	0.00024625844606903	0.990506292277402
828.6501	PC	(15:0/24:2)	0.00343396220542932	0.00218713448187547	0.00386753373693566	0.00573294494664066	0.00115613346674435	0.00147892019516264	0.00144608527581672	0.0433926382947191	0.0705744419057507	1.48403644888102
776.523	PC	(16:1/18:3)	0.0150744916431901	0.0117678391451069	0.0111450724526428	0.0157140376401282	0.0269074831314224	0.0245627516161579	0.0242611534163701	0.000438600557984137	0.00289908996863172	-0.910968074819715
736.5308	PC	(12:0e/22:6)	0.00203189408911182	0.00181510243415954	0.00133821561373066	0.00216031982837905	0.00068491506542185	0.000885471647947989	0.000804904444291574	0.00720630982553093	0.0181632721333557	1.21372510916216
850.6344	PC	(19:0/22:5)	0.00244781453613022	0.00200872071324249	0.00241868006119723	0.00362293795110936	0.00113343415360032	0.00119957288545312	0.00120512392959609	0.0250152126425952	0.0481319493257077	1.15403870790716
790.5766	PC	(16:1e/22:6)	0.0164528696133678	0.0170573049825061	0.0169355960703354	0.0177965304493108	0.0154719491869632	0.0195850765433248	0.0169905668253634	0.83474159294079	0.840592585414674	-0.0242026381214076
802.5376	PC	(16:0/20:5)	0.110564326933434	0.0776359377616624	0.0695216149261042	0.109911159150433	0.121532356853168	0.122249413599855	0.122445561489944	0.0668977121350007	0.0948451116124517	-0.409510538478307
842.6663	PC	(16:0/24:2)	0.0142003018024386	0.0124764530231471	0.0140525319941873	0.0163294787209222	0.0053706614184782	0.00660444215450603	0.0063941560025424	0.000586367263506229	0.00332531961277875	1.22011755969491
882.5977	PC	(22:4/22:6)	0.0232247592377539	0.0244277362237513	0.0289210177038296	0.0266017345312252	0.0286306871947453	0.0269378246810139	0.0310110334138804	0.136571966986355	0.161710213656921	-0.162038726138037
688.4929	PC	(11:0/18:2)	0.00110554230356846	0.000825093502563886	0.000786170967742437	0.00100886424343323	0.000309801671514445	0.000484993914022856	0.000507116447863096	0.00386391955336952	0.0114851677758777	1.10183081547405
760.5864	PC	(16:0/18:1)	3.71428014607065	3.70972740831512	3.5658014271829	3.80688195206849	2.83398376838683	2.93423576370585	2.88784453625237	5.88543318335922e-05	0.00101464868081113	0.358453992218186
738.5459	PC	(14:1e/20:4)	0.0052060078582755	0.00480802749319157	0.00330888887336889	0.00579300889259457	0.00204281598996799	0.00307516142412163	0.00279405604413022	0.0200733512040629	0.04100291170119	0.857617693687807
836.6179	PC	(20:1/20:4)	0.174092482956725	0.180091785907707	0.165216314258959	0.169082661165807	0.105067045158199	0.107074701159191	0.10750481561679	0.000144784329019247	0.00145121036761152	0.691906467907507
718.5758	PC	(14:0e/18:1)	0.00516097387938957	0.00587655955848842	0.00544462917614407	0.00564994230147314	0.00316972910169728	0.00422732741276561	0.00380102247552643	0.0136499493116513	0.0298635946869122	0.567851906804689
824.6167	PC	(19:0/20:4)	0.00248379777000221	0.00248827387384678	0.00290484894213809	0.00343498035023898	0.00117892774362407	0.00118847325191713	0.0011437832127487	0.00507936209233977	0.0138557282392306	1.27277429980883
810.6016	PC	(18:0/20:4)	0.132445011490248	0.15423397854538	0.148161635330778	0.142247504554578	0.0925964463769071	0.0882930259086357	0.0868764931249982	0.000507366688077095	0.00326380660539146	0.692781559854258
