m.z	class	FattyAcid	nfur.NonD.2	nfur.NonD.3	nfur.NonD.4	nfur.Dexit.1	nfur.Dexit.2	nfur.Dexit.3	nfur.Dexit.4	pvalue	padj	FC
679.4583	PG	(15:0/14:0)	0.00253620878098634	0.00244366959709797	0.0022991267626916	0.00210108208626432	0.00319441008237724	0.00124957473708573	0.00283305409670766	0.862454357090599	0.915354772996146	0.0494798888539688
865.5047	PG	(22:6/22:6)	0.00454073048844719	0.00459060450071898	0.00463827465937768	0.00364794212723996	0.00386084297025414	0.00352716438615674	0.00376560544672442	0.000409769006370713	0.0103888495144575	0.310776419141689
867.5178	PG	(22:5/22:6)	0.000815013805274168	0.000901597927922248	0.000952307644359524	0.000796383336453776	0.000813690329697135	0.000898228729148422	0.000835060563174566	0.320047092873315	0.457506395821683	0.0899932409107658
791.5844	PG	(18:0/19:0)	0.121572449129661	0.126616377977811	0.131644940596361	0.109600535389137	0.146360839762007	0.0752150216666022	0.13843649471998	0.611259109107678	0.73181298895947	0.108933654877295
775.5514	PG	(18:0/18:1)	0.0094325165759714	0.0115273937124324	0.0112882392947673	0.0116739604925857	0.0133358882797606	0.0110973713419183	0.0127152773270635	0.153628975299206	0.272485960304353	-0.183292216356007
867.543	PI	(16:0e/22:6)	0.0244463617346935	0.0202075471794445	0.0219278663464967	0.0165579090154326	0.0173622179764592	0.0157185233320961	0.0176971764726409	0.0363815613469422	0.0995677702865664	0.398790525140006
881.5194	PI	(16:0/22:6)	0.173376671908287	0.175641122927269	0.188495838186386	0.0961491203103998	0.103025520175411	0.0968398218117548	0.110212463410323	0.0002324969641576	0.00770816858091735	0.819052977553355
885.549	PI	(18:0/20:4)	0.281229464743996	0.296513063712951	0.309326715644327	0.366307136566659	0.388214643991264	0.345577035083209	0.387972408450049	0.00206498365173329	0.0244839154268948	-0.331287451096823
861.5501	PI	(18:1/18:1)	0.0285958514901407	0.0229630508917989	0.0262109201393839	0.0213558600093644	0.0225560035748276	0.0261627843536161	0.0241103158929047	0.294235647512417	0.438808180200179	0.138751186683294
955.5359	PI	(22:5/22:6)	0.00150546448964579	0.00168192222263262	0.00181666341185553	0.000676992088744143	0.000792926628001269	0.000682283162154348	0.00086389217897614	0.00279366108234819	0.0280829812877839	1.1454523196941
889.5779	PI	(20:1/18:1)	0.00172459758980282	0.00143333407308308	0.00176574715804824	0.00163992262259635	0.00210397632142095	0.00226656633446592	0.00230539650419642	0.0657572629536944	0.150752023048097	-0.341091624492072
909.5504	PI	(18:0/22:6)	0.406298817750592	0.388475527968634	0.38528453792239	0.333755814306909	0.35069083476133	0.382628748629825	0.364162347281487	0.0358671485232225	0.0995677702865664	0.13663300942083
855.5051	PI	(16:0/20:5)	0.0510919805867948	0.0605380695589052	0.0642134553436007	0.0395505448078289	0.0395924787999735	0.0343219721739208	0.0395397604503003	0.0251180273195117	0.0832759213439196	0.615753050956225
911.5656	PI	(18:0/22:5)	0.113169697293732	0.110471979662637	0.116152884872333	0.0973006000690633	0.108386494695832	0.092395797601098	0.108754184540781	0.0601750408798907	0.144085792329072	0.155249098148514
857.518	PI	(16:0/20:4)	0.0901760151434174	0.100043657685187	0.103989351537202	0.0700192484102294	0.0687360885720255	0.0659229230559098	0.0709736527406475	0.014326841212123	0.0551657741738764	0.509031386305727
937.5818	PI	(20:0/22:6)	0.00266543283776139	0.00212044333015968	0.00231574731324567	0.00186676360260427	0.00226171265798418	0.00235749938898986	0.00253072838662281	0.620068631936621	0.736224739296649	0.0705862044031285
893.557	PI	(18:1e/22:6)	0.0232719898317309	0.017174692581377	0.0176192869896557	0.0145291753881626	0.0146979383608614	0.0120293180023031	0.0148009000233533	0.100023423962135	0.200049820312709	0.465827317022609
935.5656	PI	(20:1/22:6)	0.00783759524035005	0.00890534196099547	0.00914342630162494	0.00864196745244974	0.00920645126934674	0.00944867667783264	0.00940933271957967	0.307554858258059	0.444819274863165	-0.088802923439099
937.5823	PI	(20:1/22:5)	0.00169264333940453	0.00183802735106975	0.00192386315517722	0.00156264833932724	0.00166344860073962	0.00166943362389371	0.00165682673795305	0.102003007465018	0.20259583510333	0.150479376066678
905.52	PI	(18:2/22:6)	0.00270260282372622	0.00261443344211045	0.00255879194903979	0.0019227308383274	0.00174366587755843	0.00228849600351497	0.00199404979633523	0.00727941762060021	0.0416513959990447	0.401706198417246
869.521	PI	(17:0/20:5)	0.0108881776935284	0.00967766247967075	0.0102811366569896	0.00988909934855044	0.00902102578281191	0.00871474479456209	0.00871380252975671	0.0522174387276359	0.130508045069226	0.17866088849212
929.5202	PI	(20:4/22:6)	0.00212749558770112	0.0021244648540292	0.00219400301819799	0.00130382576161225	0.00107117391310992	0.00126749740987975	0.00115803493287961	7.99344640100727e-05	0.00441519914125337	0.840239208602769
871.5345	PI	(17:0/20:4)	0.0112057286521206	0.00949055412050199	0.00965402920467113	0.0120657900662972	0.0111319107310329	0.0102067909426359	0.0104974880514171	0.277051042492498	0.419153356505858	-0.117537154994749
913.5841	PI	(20:0/20:4)	0.00416099404874724	0.00381114365474843	0.0040943944631796	0.0047415126089228	0.00504299933115663	0.00499101854501868	0.005037533742133	0.00264466444403491	0.0280829812877839	-0.300403405326833
939.5976	PI	(20:0/22:5)	0.00130851400575294	0.000999817769151379	0.00107480944518616	0.000793779239642822	0.000950735258792955	0.00101883957344005	0.00102299204500382	0.181434891094011	0.303094721168677	0.252594602591304
903.505	PI	(18:3/22:6)	0.00192978855137727	0.000858225338282411	0.000991944304907635	0.00105524784658737	0.000868961890916632	0.000917751819309887	0.000906625929202216	0.439630679574397	0.569011480169865	0.427060705225996
814.5633	PS	(20:1/18:1)	0.00914545326021984	0.00608410871515061	0.00814884041817555	0.00873578045044057	0.0111087001007731	0.0101780955065669	0.0106629993352088	0.0981951764483951	0.197766920790927	-0.384303550781657
768.5217	PS	(18:3e/18:1)	0.00354543812584327	0.00391363785016496	0.0040143240179327	0.00350630093724265	0.00514975055666558	0.0046782790667506	0.00463561779168631	0.152322973497583	0.271285956931645	-0.232255784348168
758.4991	PS	(16:0/18:2)	0.00515314216850283	0.00380492018902825	0.00435823322756078	0.00403168913268217	0.00401573536246426	0.00438742526605683	0.00458056403509883	0.691579460759555	0.809756857730294	0.0613880625829728
788.5447	PS	(17:1/19:0)	0.0337644580085528	0.0327176764027338	0.0297579530361548	0.0333576682492051	0.0299879851033486	0.0230133171962448	0.0267480137230454	0.198346475288303	0.321380943042325	0.182059340374095
820.551	PS	(18:0e/22:6)	0.0121771611080613	0.0197302061237692	0.0162083256340137	0.0144821462506947	0.0141295902900897	0.015557540731181	0.0139507182915216	0.562348411578937	0.686606700823008	0.142510410145296
780.4844	PS	(16:0/20:5)	0.00292994781476728	0.00374508892567165	0.00381309602325881	0.00297167512372405	0.00314975383144502	0.00320049467949529	0.00308146347219943	0.297034403705506	0.440476277945116	0.173061207973494
790.5058	PS	(16:1e/22:6)	0.00634922564976508	0.00888889596324517	0.00660304137141129	0.0062032813652388	0.00606203036216277	0.00546964374801594	0.00564265254026954	0.213533349141714	0.339604699188482	0.31695985565596
904.6087	PS	(22:6/23:0)	0.0648614673382195	0.0922761674968425	0.0876974564263083	0.0940049778017045	0.085729387361616	0.0659395152437299	0.0750363913585459	0.897728973920669	0.939129096504389	0.0255772865852436
760.5144	PS	(16:0/18:1)	0.0632921721519037	0.0519224904884099	0.0569676633889803	0.0385610432559825	0.0468372138943932	0.0438550746828239	0.0487868347728809	0.0349024037629354	0.0995677702865664	0.36677180558871
852.484	PS	(20:5/22:6)	0.0010028820021466	0.00232262060425552	0.00171254232502119	0.00213580312653734	0.00180063779181965	0.00351602654747256	0.00169737397121347	0.333288367718545	0.469435576753898	-0.445845254331483
810.5308	PS	(18:0/20:4)	0.0106709532415263	0.0104056939661469	0.0104310633334015	0.0178867604353983	0.0194080874158631	0.0194144404550944	0.0193366034663312	0.000105927503860066	0.00441519914125337	-0.856127885093863
842.5347	PS	(20:3e/22:6)	0.00918091000104496	0.0142422649287467	0.0118658566656572	0.015735779859146	0.0152102876939511	0.0144780023872476	0.0128279929900642	0.185146060101763	0.307905824109595	-0.30805180269006
838.5607	PS	(20:1/20:3)	0.00681215296915069	0.00717310925514806	0.00707445023632796	0.00919395250208335	0.010505947677806	0.00818485810870637	0.00968464643301061	0.0140931149412485	0.0551657741738764	-0.420035019096872
786.531	PS	(18:0/18:2)	0.0173269467398197	0.012828143530939	0.0136491574795735	0.0202426038939464	0.0224996860605754	0.0210286434883482	0.023455754001771	0.0179687700999479	0.065080167336786	-0.578661326605396
876.5759	PS	(22:6/21:0)	0.817313218501354	0.97457380499848	0.918093017768478	0.860235276012645	0.786004563925933	0.609686022667122	0.715082413540093	0.0717085413778035	0.157268864774174	0.282367101591295
864.5775	PS	(20:0/22:5)	0.0190488142179199	0.0143080149844427	0.0159921429432534	0.0150009834872225	0.0160577096542235	0.0172661110372179	0.0160842918735512	0.83070157539706	0.897062356101638	0.0307930908182207
664.4208	PS	(11:0/16:0)	0.0086836555036668	0.0106191486021904	0.0100998930511256	0.0079843705638811	0.00634977790566591	0.0057945028910191	0.00665333094810159	0.0122675512366027	0.0525301445752016	0.549723253305336
782.5009	PS	(18:4/18:0)	0.00103307356124349	0.00070629865317717	0.000755273879011496	0.000461903070645186	0.000470829069843928	0.000730567218874516	0.000492947931257777	0.0802716823078987	0.172985475373522	0.625350015347167
812.5453	PS	(18:1/20:2)	0.0172829070751993	0.0209027341206628	0.01799985947536	0.0261947675058275	0.0293726033902767	0.0203581783077752	0.026230035099037	0.0292801944738238	0.0921150643665551	-0.447460792240491
804.5759	PS	(16:0/21:0)	3.37521166510984	4.48635643730345	3.97116827632934	3.59772414389268	3.4945853648287	2.87238174570059	3.1695165268727	0.162971499217138	0.279843490687595	0.264492058131549
844.6106	PS	(18:1/22:0)	0.0235280787573023	0.0264969460855139	0.0238409622328569	0.0274665289787347	0.0255081430951073	0.0221338225025229	0.0219593475317084	0.837390060336459	0.897798796032373	0.0209542815317887
836.5452	PS	(18:0/22:5)	0.253954826872965	0.26759304553236	0.268820908196128	0.276349833502999	0.293957182266411	0.278782782372647	0.291303516659699	0.0232477293361115	0.0788958373532604	-0.113896120773385
832.6096	PS	(16:0/23:0)	0.705244137633732	0.948390085582529	0.805302679607699	1.06554043403619	1.08946787780696	0.848239937219263	0.954322722415248	0.128612068221014	0.239964508239208	-0.27154300794356
840.5165	PS	(20:4e/22:6)	0.0247643641530108	0.0346524163790276	0.0305192136736369	0.0325880917766269	0.0294306992802847	0.0206384572902941	0.0264601682507986	0.515821189794899	0.640688567151589	0.136126638017683
782.497	PS	(16:0/20:4)	0.0143130929465169	0.0140994544544645	0.0136871244502624	0.0102603645478387	0.0115547209414294	0.00772867280966303	0.0113323559435895	0.0200869519379209	0.0698183571390638	0.45758842984041
858.5269	PS	(20:2/22:6)	0.0835856647016946	0.104926605586957	0.0948746645353198	0.105048576871378	0.114092156278997	0.0647662048590271	0.104211338615817	0.847359490006244	0.903989950972007	-0.0386856261958709
744.5215	PS	(16:1e/18:1)	0.00951272034525718	0.0157265831584175	0.0179295230514847	0.0152237287168179	0.0175994050350585	0.0229386569457272	0.0170620307912702	0.280529127662008	0.421282418196255	-0.339383073078053
820.5151	PS	(17:0/22:6)	0.0418746399624839	0.0335518311914302	0.0321501481439757	0.033936285125309	0.0325303297423797	0.0346704303634355	0.0324381706754789	0.503452629232514	0.629455986459472	0.10274970681914
834.53	PS	(18:0/22:6)	1.24746064600991	1.2807432198705	1.27542453146374	1.34587371353273	1.43667584663481	1.73279076574937	1.47141430594828	0.0692921391652523	0.154332220269372	-0.239360336809355
748.5151	PS	(19:0/14:0)	0.0792729558095568	0.100382727780803	0.087609441200527	0.0732993299539617	0.0703950703810718	0.0534492597285927	0.0640075036279027	0.0357350438853195	0.0995677702865664	0.448423960652718
788.548	PS	(18:0/18:1)	0.0777963485475813	0.0574163679420151	0.0636033440679506	0.089595232934045	0.111754832650362	0.0997896551700242	0.116078570247235	0.00727674700348599	0.0416513959990447	-0.654330604304161
878.4949	PS	(22:6/22:6)	0.0123231133272956	0.0136657268785075	0.0115788963144317	0.0114736340134328	0.00925730826572113	0.0101825865404584	0.009368164635832	0.0329690689475848	0.0979977152855796	0.314407358606377
806.4988	PS	(16:0/22:6)	0.433043995160608	0.481317784414166	0.512071303165989	0.266419499850822	0.296427449151834	0.276156234052018	0.307780260084505	0.00697568451266251	0.0416513959990447	0.729856586929016
822.5308	PS	(19:0/20:5)	0.080061264451105	0.108639150049608	0.0980986548107221	0.0820631922358515	0.0784621370818835	0.0600358594620609	0.0729332363773709	0.096070597918416	0.196238993852309	0.381744741637074
732.4848	PS	(18:1/14:0)	0.000912987826011896	0.000784934268150747	0.000911322035476638	0.00139155757089377	0.00159479879070871	0.00112033898606992	0.00143625958453807	0.00857434489078096	0.0439945553324595	-0.67198584449366
906.6242	PS	(22:5/23:0)	0.0179426647703376	0.0259399191228478	0.0247719476182195	0.0259775409407233	0.0245807593495276	0.0178489366910869	0.0211292607784412	0.879180859536852	0.924212074293617	0.0319165592253118
874.5613	PS	(22:6/21:1)	0.0642530761873873	0.0657913158144737	0.0643812087375015	0.0681542474542706	0.0595940862239105	0.0511422010147389	0.0556552062904334	0.185743652595115	0.307905824109595	0.144386391948486
886.6576	PS	(20:1/23:0)	0.00755753423730803	0.0112804480670708	0.0101649918601545	0.0142061221146394	0.013607853309615	0.0129776416892065	0.0114548916462111	0.0694674030910863	0.154332220269372	-0.434096284998829
856.5112	PS	(20:3/22:6)	0.251098722600858	0.280790584583757	0.263577380663281	0.25291091498565	0.268563800531868	0.180284281077903	0.260821615448833	0.330237978809347	0.469435576753898	0.139931649300165
884.5434	PS	(22:3/22:6)	0.0171022585971033	0.0155726547733705	0.0162483581961381	0.0156007723599292	0.0171508274412672	0.0141301675314114	0.0170204991268564	0.708145758946468	0.821598033547434	0.0296912803785178
810.529	PS	(18:1/20:3)	0.038800454334362	0.0368756226843006	0.0355279742928488	0.0426816250317468	0.045942044082788	0.0334314853643704	0.0447084165007247	0.203672667311408	0.328774979817291	-0.169557323038227
774.5306	PS	(16:1/19:0)	0.11428367954315	0.126201968747234	0.117840926498222	0.114061641031033	0.106884840999995	0.0824513149063806	0.0984750143051241	0.0632774822232431	0.149030572886436	0.249573567275492
816.5188	PS	(18:3e/22:5)	0.0242961790919721	0.0336216421486959	0.0303559384162135	0.0241051008409349	0.0252780760604535	0.0175737022277749	0.0221678160801313	0.100256986514026	0.200049820312709	0.401196906155936
830.496	PS	(18:2/22:6)	0.147047286955779	0.196995027321727	0.176594309514209	0.133377478267671	0.137753234375441	0.0846402445822423	0.129972562979042	0.0469390625028068	0.119708496678756	0.515119549432729
846.5286	PS	(19:1/22:6)	0.00632042166467702	0.00704607856134966	0.00628573968672978	0.00533654435411923	0.00567664239907459	0.00584062084805973	0.00575842941736296	0.0502128520676847	0.126559878603346	0.212627531545005
860.5424	PS	(20:2/22:5)	0.0155647662775805	0.0196740644425873	0.018026698511539	0.0187800003922089	0.0197993293340656	0.0131239687242702	0.0175127295400858	0.821136741752976	0.893711958827103	0.0371335408211895
854.4951	PS	(20:4/22:6)	0.0425336794246567	0.0485480501244299	0.0457534440326895	0.0386468564124471	0.0378988949439505	0.0318729809276897	0.0373789887158934	0.0133386468416947	0.0537285681193498	0.323508454272552
858.6252	PS	(18:1/23:0)	0.131946709090316	0.159724029050391	0.155250851242589	0.180740425776989	0.189321457520066	0.147586200645243	0.162801720192177	0.157542783743356	0.276289710546143	-0.191429502207088
828.4804	PS	(18:3/22:6)	0.0673671052777651	0.0786881556975963	0.0785968942459169	0.0438868165620124	0.0496175701128455	0.0375986975563401	0.0514198808427542	0.00301346919359984	0.0288623382764784	0.714652406259515
838.5605	PS	(18:0/22:4)	0.0131758825139172	0.0130587800986654	0.0135195367514875	0.0176714208450095	0.0187533560921913	0.0170632053851826	0.0182987382032556	0.00038249954641853	0.0103888495144575	-0.437572227381743
832.5141	PS	(18:1/22:6)	0.171765305286601	0.181896692644113	0.182642473942768	0.138087958362722	0.135719814671233	0.15020432888455	0.138625726589807	0.000712212265475921	0.0153481743210061	0.345883227959654
822.5654	PS	(18:0e/22:5)	0.0030861378430759	0.00551796599072144	0.00415451467164829	0.00472894551052333	0.00454077745114827	0.00481631794005859	0.00406373760348329	0.728548464354617	0.829790561923737	-0.093442319286082
808.5153	PS	(16:0/22:5)	0.0517020085244	0.0574908433565914	0.0601514320008624	0.0323213947671911	0.0347218357309933	0.0333247669893545	0.035493382702785	0.00805503248276648	0.0423380365862482	0.732861374155726
814.5014	PS	(18:3e/22:6)	0.13301660012898	0.177693605827058	0.160904859809725	0.12328847683837	0.128850589246838	0.0792457429175444	0.11812432905997	0.0538498225620452	0.132624420138523	0.484296860736634
862.5624	PS	(20:0/22:6)	0.110820273825498	0.0852349503732138	0.0950041902769904	0.0908138072537613	0.103649778947275	0.101255829724601	0.105131061551649	0.722733445983866	0.826254947530627	-0.0467130103383811
816.5775	PS	(20:0/18:1)	0.107383862028946	0.113141684287501	0.100805904172352	0.116625932764132	0.105779562214929	0.0830733243148125	0.0952962695443422	0.433868585902605	0.569011480169865	0.096306854493237
894.7556	TG	(16:1/16:1/22:5)	0.140980382608676	0.163293071327287	0.143125465565937	0.130625003215593	0.170312763020708	0.151096323783196	0.203114152682458	0.435120116414221	0.569011480169865	-0.135222115804385
796.7419	TG	(16:0/14:0/16:0)	0.014684252126318	0.0171949720010259	0.0157970999489061	0.0139585659353268	0.0178190190450239	0.0103347796708004	0.0165729680859101	0.535908804558742	0.659933413613765	0.115310530495731
858.7568	TG	(15:0/18:1/18:3)	0.00535020537592584	0.00401350842285874	0.00363670043005623	0.00530848830816543	0.00624956696519836	0.00711907454381967	0.00638003491745211	0.040553969871185	0.10789358650914	-0.531628088750334
918.8525	TG	(15:0/20:1/20:1)	0.000413893271889189	0.000491336070396452	0.000489180532478033	0.00083562707474739	0.0010340669707658	0.000695184542702757	0.000759600245892923	0.0112648497639197	0.0495423494719326	-0.838436001935077
920.77	TG	(16:1/18:1/22:6)	0.11587477657429	0.1184412930901	0.105315531447811	0.109413756078028	0.143471470684995	0.12599178047343	0.15967534361786	0.142296368144871	0.258775251774007	-0.250078390739187
830.7258	TG	(15:0/16:1/18:3)	0.00177168627617924	0.00148092752591526	0.0011690765790786	0.00176043990006196	0.00217167272156534	0.00254065222267709	0.00221171636710126	0.035183519130034	0.0995677702865664	-0.558804162088778
880.7388	TG	(18:3/17:1/18:3)	0.00618029546901155	0.00614902173568758	0.00519640203659298	0.00544725426378555	0.00666958909894043	0.00625150230856051	0.00772583929283732	0.289617724221111	0.433420969233676	-0.159217189203543
832.7416	TG	(16:1/16:1/17:1)	0.0035471669305484	0.00303481959595568	0.00283530859653164	0.00402016780968216	0.00503792387271873	0.00463049532968617	0.00460970130267698	0.00542735111285549	0.0378074355778073	-0.543286553625631
1004.8652	TG	(18:1/22:1/22:6)	0.000714852854175181	0.0011110175380448	0.00100975006213124	0.0015131164638186	0.0019010970589995	0.00182345484592472	0.00159832609864145	0.00651671250359701	0.0416473313805059	-0.854449288248974
996.8035	TG	(18:1/22:5/22:6)	0.0373310643493801	0.0401517381472593	0.0415049328035967	0.0308863491095724	0.0432945196213785	0.0357990362597813	0.0465840542409776	0.897060226648746	0.939129096504389	0.0190982294112184
940.7353	TG	(14:0/22:6/22:6)	0.0081676791444062	0.00846541611618278	0.00658759093526787	0.00889301273132557	0.0109108756725058	0.0105312328317904	0.0111112214771288	0.0230325495478031	0.0787859432944695	-0.420796696492204
958.8823	TG	(18:1/18:1/22:1)	0.000394791115648824	0.000568494247888314	0.000526181903158155	0.000970847623634555	0.00118775344772143	0.000964821130540556	0.000875167647451991	0.00192093632100424	0.0244839154268948	-1.00965738818925
790.6945	TG	(14:0/14:0/18:3)	0.000875603543787287	0.000963984084950271	0.000735527268676432	0.00100710978623307	0.00136329742325312	0.00121707323941099	0.001303942917993	0.0163093546246253	0.0600797593437052	-0.510580035819893
938.8209	TG	(17:0/18:1/22:5)	0.00164691488688686	0.00165505903032203	0.00157444916733136	0.00195327806323909	0.00255025727191968	0.00234493644327254	0.00244466120135065	0.0111204538998227	0.0495423494719326	-0.515304251509809
888.7069	TG	(18:4/14:0/22:6)	0.00469746784504871	0.00696041931854086	0.00469106606622627	0.00553630048323629	0.0065337118965181	0.00639393471567123	0.00704426649297041	0.34752127399009	0.484730320678734	-0.226726099607483
948.8033	TG	(18:1/18:1/22:6)	0.0355420921795872	0.0351114114068101	0.0343021900773163	0.0334593291538939	0.0445189918694029	0.0418012426168749	0.0489906109628609	0.113787698799478	0.217412846884264	-0.270242038940522
890.7218	TG	(14:0/18:3/22:6)	0.0105019188732404	0.0119844778026755	0.0082217189741578	0.0106342449798056	0.0126906455747834	0.013684975332298	0.0137720972947769	0.140866106265796	0.257259711019314	-0.31065868341553
944.7667	TG	(18:1/18:3/22:6)	0.0886432484453295	0.0920192634497807	0.0792268148040347	0.084347335282295	0.112696923395404	0.101240181941017	0.112729742253554	0.0966132196350341	0.196272410097069	-0.246253293080049
902.82	TG	(18:1/18:1/18:1)	0.0149279262443173	0.0167833445676261	0.0160694594417116	0.0198546508806166	0.0255664703180827	0.0222599947867053	0.0224140877157107	0.00633436947087685	0.0413653521507261	-0.499983902343522
912.8018	TG	(16:0/17:0/22:5)	0.00357517118727982	0.00313933373177162	0.0030477761011637	0.00381320653035528	0.00482099762764212	0.00476299337493082	0.00469315891804854	0.00747161447214132	0.0416513959990447	-0.47489314837786
908.8665	TG	(18:0/18:0/18:0)	0.0172025882717144	0.00814491433430895	0.00698289186246606	0.0112902662288857	0.00757449120549785	0.00393463542532582	0.00785133662432484	0.449062428683294	0.577748975410447	0.492007199100992
848.7712	TG	(16:0/16:0/18:2)	0.0579315228123225	0.0704430655743974	0.0621655558523085	0.062070202122976	0.0839880172684224	0.070839524447426	0.0846691478886456	0.132955120868458	0.24593844246483	-0.247345562018563
926.8199	TG	(20:1/18:1/18:3)	0.00538627271668358	0.00659697244892026	0.00594401067257197	0.0065251502208498	0.00905110629138013	0.00817431450082746	0.00862907624603979	0.0248114667873897	0.0828972262431392	-0.437895101042716
1040.7729	TG	(22:6/22:6/22:6)	0.0142268936870605	0.0152107808044966	0.0157529471981474	0.0128170506755448	0.018318015895894	0.0148521360435227	0.0162644768197166	0.709128697168551	0.821598033547434	-0.0470518552840387
904.8366	TG	(16:0/18:1/20:1)	0.00686055717840224	0.00999523133825116	0.00886618193777166	0.011394347283334	0.0153579351351601	0.0130965163776745	0.0133630229677444	0.0144036153760906	0.0551657741738764	-0.633708131466865
874.7881	TG	(18:0/16:0/18:3)	0.0391779167221313	0.0414428975244256	0.0382477404493667	0.0427700425586206	0.0565282733359346	0.050682738005571	0.0558904632052862	0.0290191728565078	0.0919651728026092	-0.377339626408442
936.8035	TG	(18:1/17:1/22:5)	0.00525259474523415	0.00473697401998137	0.00456931612372269	0.00523456773488199	0.00683765087859973	0.00667393350095811	0.0071245183627978	0.0239121612766936	0.0805167305488668	-0.414380085644757
872.7714	TG	(16:0/18:1/18:3)	0.0507350379069488	0.0390856130582861	0.0367987744084148	0.0475980224993939	0.0582012713403684	0.0620228185557815	0.0610795736407362	0.0493968145180524	0.125235453278121	-0.439191836781547
992.773	TG	(20:4/20:4/22:6)	0.00792562884737702	0.00597980518130197	0.00623910538864933	0.00662405243866149	0.00863264264942055	0.00783457071986351	0.00894828366921274	0.174430820916732	0.294822289471025	-0.254427541978903
836.7731	TG	(16:0/16:0/17:1)	0.00941876956766375	0.0102042305635748	0.00979489734089285	0.0116627634114796	0.0148598225610358	0.010077365425273	0.0120112497479866	0.0969977339922868	0.196272410097069	-0.309557143828914
878.821	TG	(18:0/16:0/18:1)	0.0104819443580204	0.0129678444649035	0.0114177377805089	0.0140892948096326	0.0179487719150157	0.0135205065363994	0.0165143446880577	0.0283611001758417	0.0912211505655802	-0.417042439698143
864.8053	TG	(16:0/17:0/18:1)	0.00223370656597048	0.00202133304973858	0.00207348574740946	0.00296849316213483	0.00359336001054528	0.00267081831108296	0.00262112110950138	0.0272160711268	0.0886993735281818	-0.490369945255175
854.724	TG	(15:0/14:0/22:6)	0.0027191964494796	0.00322414815303448	0.00244585549481901	0.00271356662687116	0.00354369517571291	0.00347724891322593	0.00375518634993387	0.13618406394495	0.249767368341588	-0.270215288518788
970.7881	TG	(16:0/22:5/22:6)	0.0517962769145874	0.0639082725090978	0.0685533985473845	0.0491805066340585	0.071476498385814	0.0581592516010079	0.0767112779419673	0.770998969845439	0.863118327281517	-0.056714407608034
982.7877	TG	(17:0/22:6/22:6)	0.0103924931131773	0.0110147453807104	0.010626150968261	0.0100544619915095	0.0131892380320388	0.0118003005387854	0.0134107969133212	0.159370646283038	0.277061290173382	-0.182025555495288
768.7104	TG	(16:0/14:0/14:0)	0.00394296890485389	0.00527411623948539	0.00465061565202432	0.00461094307197961	0.0058430755994285	0.00327375082193076	0.00507545190354769	0.910638303992416	0.949263124731614	-0.0242137335257623
1024.8348	TG	(20:0/22:6/22:6)	0.00271489772188085	0.00420192265056492	0.00410838755906224	0.00340474835875615	0.00476783332902911	0.00414603981803674	0.0044527268882778	0.41728133459685	0.558534954072181	-0.190155320292738
876.8045	TG	(16:0/18:1/18:1)	0.0476291101590905	0.0604516374145145	0.0527113453382239	0.0545438175306516	0.0725481815229915	0.063635008273869	0.0687579306426617	0.0922508057963953	0.189965974720554	-0.275416836737837
864.7069	TG	(18:4/16:1/18:3)	0.00476703958059069	0.00502308971713933	0.00345425839845719	0.0051711356760361	0.00571651533792511	0.0065268630627001	0.00630918703710051	0.0654977720839378	0.150752023048097	-0.425910454009383
932.8676	TG	(16:0/18:1/22:1)	0.00145036408259961	0.00206377006914383	0.00182989568109323	0.00295528832328721	0.00375089200695926	0.0027135696955225	0.00290775961824437	0.00657080866328167	0.0416473313805059	-0.790843915469173
994.7861	TG	(18:1/22:6/22:6)	0.0599035006799731	0.0635230314198428	0.0597607005303891	0.0547786288179427	0.0742339395575919	0.0584572800285372	0.076913203099975	0.435896903009049	0.569011480169865	-0.114273238122862
934.7884	TG	(18:1/17:1/22:6)	0.00819228106072756	0.00818750026445438	0.00762406072280865	0.00788054927880123	0.00995606199662248	0.00944184743794899	0.0109157218106462	0.0886450245412062	0.185116841616059	-0.255049997088497
822.7574	TG	(16:0/16:0/16:1)	0.0386686048401704	0.0533168975727159	0.0455784921504308	0.0408775477584743	0.055717504805563	0.0407756976730043	0.0540861032382242	0.747019898372084	0.842841822508817	-0.0618788908364419
922.7882	TG	(16:0/18:1/22:6)	0.0854544710545839	0.0950769748527432	0.0957760287318121	0.0749579300521634	0.103928816174448	0.0933089681935016	0.122170622272243	0.570376946222835	0.692485813583217	-0.0982243182183898
842.7255	TG	(18:4/14:0/18:1)	0.00936074049780101	0.010091934389268	0.00772563411253695	0.00934211938321993	0.0115641835660601	0.0121994667841194	0.012877963182418	0.0663493150899416	0.151164325602615	-0.343630391929493
896.7732	TG	(16:0/18:1/20:5)	0.07104931548609	0.0853233044743221	0.0841694535826767	0.0606147370963336	0.0871669016725489	0.0779363761651944	0.0967822064318995	0.962506024287012	0.97839645393326	-0.00797339170176621
914.7265	TG	(18:4/16:1/22:6)	0.00280731539762411	0.00436871979270641	0.00348387384501981	0.00289663808035879	0.00393779761732629	0.00364642671905321	0.00419381473788126	0.840409123779038	0.898799832130932	-0.0460961377311981
868.7423	TG	(18:4/16:1/18:1)	0.0455744903710702	0.0524460391954608	0.0468358108793948	0.0393027742112121	0.0527499847730403	0.0510556710041718	0.0607166771335543	0.613196270976708	0.732098594988812	-0.0776714403708655
900.8032	TG	(18:1/18:1/18:2)	0.0173828358011496	0.0157042115010007	0.0157678560320859	0.0199249308324637	0.0254568916997138	0.0239558417624433	0.023870998543409	0.00521705596655556	0.0374758520264241	-0.516923180396104
930.852	TG	(20:1/18:1/18:1)	0.00168364667512067	0.00233833053975582	0.00216692468318663	0.00334422188257463	0.00423741819285742	0.00377786962023329	0.00355036510160878	0.00208477292425603	0.0244839154268948	-0.853475284951958
684.6166	TG	(12:0/12:0/14:0)	0.000981265730364505	0.000877810127025369	0.00142807661775309	0.0013057117861311	0.00132680651327466	0.000742269671838681	0.00128538147837553	0.767293508218523	0.861207036568186	-0.0885065371275849
766.6942	TG	(16:1/14:0/14:0)	0.00150585931031969	0.00214920213594599	0.00201059144572771	0.0023318856172187	0.00332302489887738	0.00155700238811239	0.00242039730541509	0.268369447698998	0.413097256993814	-0.350602138463546
964.7399	TG	(18:3/20:5/22:6)	0.00524281548012166	0.00435421491355951	0.00402507775704906	0.00636634146475463	0.00710192394515102	0.00620322032945049	0.00659730232607567	0.0144438906315468	0.0551657741738764	-0.532362151272096
656.5848	TG	(12:0/12:0/12:0)	0.00057087677028503	0.00051334438552778	0.000961774899526307	0.000804684474477493	0.000843895902834566	0.000499110761474576	0.000748813377847553	0.809286405287597	0.88980214458917	-0.0864720518004918
862.6923	TG	(18:4/14:0/20:5)	0.0016981098481229	0.00297457672970456	0.00198978405506129	0.00247201397461614	0.00273730043343812	0.00286391723707587	0.00295352119726597	0.297596107760845	0.440476277945116	-0.311841335603543
968.7727	TG	(16:0/22:6/22:6)	0.0594461800378983	0.0788093143991832	0.0769125559248215	0.0563275782872142	0.0837157802271669	0.065362750793706	0.0850007579264553	0.928805582256217	0.959988503483044	-0.0175741973107416
890.8215	TG	(17:0/18:1/18:1)	0.00287563148375465	0.00299099200874909	0.00284920019529131	0.00409725274350045	0.00508262483742689	0.00429289238754822	0.00417219639280443	0.00593483412520971	0.0393525155071597	-0.602510262842963
838.6927	TG	(18:4/14:0/18:3)	8.64826541040142e-07	8.95715530092696e-07	2.19665144340132e-06	8.83119302163712e-07	3.81051669611525e-06	1.67652611357623e-06	3.63879702400806e-06	0.225491930119111	0.357305227504915	-0.923704929388106
908.7704	TG	(16:0/17:1/22:6)	0.0263466120342752	0.0266630891398427	0.0241799000600394	0.0247710307520097	0.0316761597232626	0.0284594672704092	0.0347962827282173	0.145452657132905	0.263403761446563	-0.217942683013387
850.7894	TG	(16:0/16:0/18:1)	0.0500142647990338	0.0668642338713461	0.0579148272998842	0.0515400692331616	0.0671200036168047	0.0550387832385049	0.0667137321833267	0.783910103343147	0.870786738507465	-0.0448248395503061
844.7408	TG	(18:4/16:0/16:0)	0.0281357568831976	0.0237651023692252	0.0206869043290758	0.0263339835987931	0.032913675544139	0.0349651067589496	0.0355599890768469	0.0436198648952544	0.114606475157099	-0.423151757788932
972.8019	TG	(16:0/22:5/22:5)	0.019037051618869	0.0219175260054909	0.0219134684397285	0.020607046555238	0.0298472980971436	0.0242030445885284	0.0295706325203247	0.103732048943288	0.204148461618982	-0.314306869813331
862.7882	TG	(16:0/17:1/18:1)	0.00996437038986567	0.0101997809838221	0.00968799667135247	0.0122169640008284	0.015611665329103	0.0130567031951835	0.0135873004430855	0.0128698161731821	0.0530150615188222	-0.452659357159714
816.71	TG	(16:1/14:0/18:3)	0.00283616901104961	0.00238986435458883	0.00188043793535398	0.00269945292678802	0.00342851816906177	0.00397560621247635	0.00387006532496034	0.0386001880187468	0.103333422584347	-0.560465374147014
860.772	TG	(16:1/17:1/18:1)	0.00681523390152622	0.00595883943499409	0.00568061640037042	0.00774011377493244	0.00955855814861207	0.00889729260293537	0.00907235723477965	0.00359953843974648	0.0317029411257289	-0.519347944678699
884.7721	TG	(15:0/16:0/22:5)	0.0101854242978392	0.00934102857532209	0.00856275923997043	0.010209871664673	0.0124499914288539	0.0128517426717235	0.012827760629457	0.0182790087057425	0.0653235792089933	-0.368144905677794
792.7098	TG	(16:1/14:0/16:1)	0.00303327934863262	0.00418133273928029	0.00361943968664407	0.00426001268726883	0.005956806750523	0.00365970196571486	0.00512408109098601	0.119173382333626	0.225279507832424	-0.39543477635855
998.8188	TG	(18:1/22:5/22:5)	0.00723509262178684	0.00849634230148314	0.00844067960113808	0.00928151214435763	0.0137782640861979	0.0104784975978856	0.0142080270416023	0.043874868679632	0.114606475157099	-0.56700778337281
978.8506	TG	(16:0/22:1/22:6)	0.00198552024728337	0.00298567028938643	0.0025548885789277	0.00327779092362807	0.00417971143390699	0.00348418758297287	0.00383763059193016	0.0305344281206238	0.0946786943884091	-0.558572084480286
656.5851	TG	(18:0/8:0/10:0)	0.00142855910381136	0.000703999874787642	0.000695511327275081	0.000740821501757319	0.000734698500880683	0.000218505894652439	0.000986565172133624	0.407381871542419	0.550585544560626	0.492304335765595
824.7739	TG	(16:0/16:0/16:0)	0.0193489513527421	0.021009622910722	0.0204715909719884	0.0186148051128584	0.0224119328062747	0.0144151699796019	0.0212679406301387	0.587581565576882	0.707395683697308	0.0804126097847672
954.7498	TG	(15:0/22:6/22:6)	0.00357889847547022	0.00370040507456506	0.00319874621781207	0.00346109396082366	0.00439003529141934	0.00415698479393597	0.00478405038550574	0.0826062984291971	0.175385786320118	-0.265380480104798
818.7258	TG	(16:0/14:0/18:3)	0.00855000105043478	0.00845174288125108	0.00711447127257653	0.00858499016758974	0.0115093059375268	0.0108019849982056	0.0121066307984942	0.0322746944612988	0.0972754777120266	-0.419393345956774
906.852	TG	(20:0/16:0/18:1)	0.0020152756744931	0.00207225357597853	0.00189789631497505	0.00291513725490881	0.0036838582192532	0.00206589902349014	0.00291553930390001	0.0706866826837818	0.156235693521589	-0.537126066277472
856.7381	TG	(16:1/17:1/18:3)	0.00577284613083034	0.00606602474193076	0.00505675063892016	0.00576655814197538	0.00720582013249977	0.00661008133653145	0.00738965683395095	0.0655213204879989	0.150752023048097	-0.259781810418268
840.7106	TG	(14:0/14:0/22:6)	0.00492266894091585	0.00609363705813027	0.00423643142150568	0.00484658009209721	0.00601644071507248	0.00629048312297056	0.00733315573013256	0.226399200579348	0.357428774541022	-0.267890295765061
1000.8329	TG	(18:0/22:5/22:5)	0.0019594675400952	0.00223773400055736	0.0022212953417088	0.00273437233954923	0.00390003329286552	0.00311562953727781	0.00364468973942414	0.0144634164307379	0.0551657741738764	-0.646320069170399
990.7502	TG	(18:3/22:6/22:6)	0.0102537636292372	0.0101839578379761	0.00897520326403537	0.010305845321807	0.0126729029205945	0.0108357009385452	0.0115482393338374	0.0670914964082047	0.151394947392336	-0.210018399340727
1042.7888	TG	(22:5/22:6/22:6)	0.0125695910544136	0.0136723140427005	0.0147834214273384	0.00993576914579272	0.0139776668562131	0.0122073225535753	0.0135729655150231	0.312942595139453	0.451097854532122	0.13848865343855
954.8515	TG	(18:0/18:0/22:5)	0.000587098727198099	0.000616873004310686	0.000624496009179321	0.00088887938181763	0.00122903292063063	0.00104071867475666	0.00105199473161045	0.00695206048175437	0.0416513959990447	-0.788361964089562
794.7257	TG	(16:0/14:0/16:1)	0.0105789603310343	0.0164238546281654	0.0134104988629023	0.0130856679374317	0.0181705551262289	0.0115128503278006	0.0164773775351982	0.583572569265512	0.704537191466207	-0.136860579871816
976.8357	TG	(20:1/18:1/22:6)	0.00318374615374352	0.00440627582206591	0.00404780869029641	0.00487979229234329	0.00643855861381473	0.00622749022835046	0.00634843615985978	0.0105132383438262	0.0492522361542292	-0.622805473539158
950.8186	TG	(18:1/18:1/22:5)	0.0187708529987104	0.0215117070349639	0.0198615379545614	0.0205068969194077	0.026994855073052	0.0230243610176089	0.0272932375480051	0.0691668830311355	0.154332220269372	-0.286659216122717
714.6217	ChE	(22:6)	0.00593125838384548	0.00556501496645482	0.00507547507045793	0.00514967052768094	0.0069907714015354	0.0130580153009769	0.00655940913200883	0.262086524458609	0.404872014486239	-0.523350665912786
688.6056	ChE	(20:5)	0.000816335250555083	0.00150576818408515	0.00117148652023397	0.00105559194666135	0.00147665912198226	0.00256419769064239	0.00134044331873676	0.304510068352513	0.443391349526801	-0.466616493259364
716.5337	Hex1Cer	(d18:1/14:0)	0.0164940574042516	0.0288846909777785	0.025418398675058	0.0218381858124891	0.0190867572193657	0.0261058526765547	0.0210538456215803	0.721263814045649	0.826254947530627	0.0998382348919328
816.6596	Hex1Cer	(d19:0/20:0)	0.0201265556108583	0.0208628539586776	0.0201539883532507	0.0164092054752605	0.0215118530999326	0.0195011277427665	0.019540208327365	0.362377774004139	0.495824827288203	0.0830805401199359
774.5135	Hex1Cer	(d15:1/22:6)	0.0985992146759589	0.0817818753531175	0.0768116397305151	0.067953814284731	0.0736540857325845	0.053796546498026	0.0752699150497582	0.0925588275900611	0.189965974720554	0.341329119786392
776.5328	Hex1Cer	(d15:0/22:6)	0.211669678313791	0.179264739190826	0.162812076176584	0.158578821944761	0.170137703797064	0.11841363899962	0.16552675518664	0.161194610859449	0.27901557140732	0.269183748652587
500.2791	LPE	(20:4)	0.00123162830103629	0.000854569999597376	0.000690520272906731	0.000887462242576658	0.0010379982969411	0.000993980235822243	0.00139973289864584	0.475435854543743	0.602684862671627	-0.22233686491456
452.2789	LPE	(16:0)	0.00623815238682638	0.00595904384619961	0.00617922304128089	0.00334833388238397	0.00368920398147424	0.00328040408440761	0.00408492032233269	0.000200109420160758	0.00718726334077389	0.766537631928466
498.2631	LPE	(20:5)	0.00112057129398501	0.00234661850493059	0.00185036588640738	0.00216479555602633	0.00235969023808481	0.00185954093697962	0.00258202415235156	0.320085086444341	0.457506395821683	-0.338671951469995
526.295	LPE	(22:5)	0.00839068520682142	0.0083988048601885	0.00778897253827453	0.0046040338237202	0.00458150610828377	0.00431654710442195	0.00617703252631372	0.0018726356944883	0.0244839154268948	0.735766500114547
524.2792	LPE	(22:6)	0.0671283322712584	0.0642923545804498	0.0591761752099627	0.0374252633834667	0.0363863036479143	0.0354028204937759	0.0469795023749847	0.0009917697696911	0.0185188358809234	0.70222384830921
508.3412	LPE	(20:0)	0.000928876619655029	0.000649858091895194	0.000495434712653162	0.00105004500578986	0.00182949925554991	0.00126528076258512	0.00165918741038172	0.0183391022837313	0.0653235792089933	-1.06947936840714
478.2946	LPE	(18:1)	0.00229311657157079	0.00179237841398331	0.00192560653273619	0.00141866240309943	0.00171942750768376	0.00181016745567137	0.00228882315422636	0.444732049599814	0.573890758615329	0.147259061145774
480.31	LPE	(18:0)	0.0121780018482446	0.0102747109216897	0.00939025473737512	0.00916104831032982	0.0115005763976148	0.00955183982768896	0.0115220451936907	0.869816603931934	0.918850383075156	0.0247368978343887
640.5892	DG	(18:0/18:1)	0.0284620981082411	0.0228741626991355	0.0238686473867263	0.025247620702991	0.0292847028921506	0.0180993198882229	0.0285201450265089	0.945951225815636	0.96612554105815	-0.0125856032374232
656.6218	DG	(18:0/19:0)	0.00719375679865954	0.00542396521712896	0.00516282873337147	0.00409498872286099	0.0054241827428769	0.00332239577631112	0.0051370098924908	0.147010268147508	0.264005939881566	0.399058664136228
684.5586	DG	(18:1/22:6)	0.210148390726326	0.194327383349434	0.177220813852664	0.179953573343489	0.166694039859762	0.140284912471277	0.187489729776917	0.132951569722619	0.24593844246483	0.201652196050054
630.5112	DG	(14:0/22:6)	0.0586231690587325	0.0761293315685937	0.0667916258927162	0.0552626696885208	0.0468992840206017	0.033039098634919	0.0494949233768364	0.0316542778208459	0.0960774207097505	0.540980807220703
686.5742	DG	(18:0/22:6)	0.0654046524038056	0.0627923075912138	0.0610227065459457	0.0752041944627879	0.0718373274133031	0.0619954242973296	0.0748781003677623	0.0782008582030276	0.170225100431843	-0.17035976684686
642.6054	DG	(18:0/18:0)	7.72781102733475	5.60316884730741	5.42691245179335	4.58529485913374	5.6626049855609	3.11516681113798	5.32095015082721	0.162882611775325	0.279843490687595	0.420730584209437
614.5747	DG	(18:0/16:0)	1.01304731102891	0.709078170448525	0.669264811522277	0.555063344193052	0.738050597640207	0.400581411781002	0.742220329825725	0.238034364762248	0.370371159612017	0.388422910501452
638.5746	DG	(18:1/18:1)	0.043144361652848	0.0335012504991715	0.0346397447909805	0.0404380440988946	0.0380146405510615	0.0257417124470957	0.0372949568450047	0.716252988348276	0.823213434608285	0.0686077682533584
584.5277	DG	(16:0/16:1)	0.0160617569644337	0.0150283263077056	0.0143613119589043	0.015444719072395	0.0134016943956685	0.00960544227914393	0.013495999620264	0.177706339870924	0.299185283142064	0.222297891433939
670.6372	DG	(18:0/20:0)	0.0833166844308306	0.0612700184268415	0.0606887739883894	0.0469889576711508	0.0640051653580604	0.0369027110940075	0.0600434251208084	0.159422737733176	0.277061290173382	0.396429681081502
662.5744	DG	(18:0/20:4)	0.0288939658674129	0.0352809691239931	0.0344675118336569	0.0578397753922736	0.0538616975551119	0.0499113029740349	0.0525005315619605	0.000990191174936862	0.0185188358809234	-0.703056473692166
586.5432	DG	(16:0/16:0)	0.0318522995098289	0.032491502835868	0.0317534011850517	0.0265644416911456	0.0412466216929577	0.0222398700896717	0.0373316289282865	0.969253936088798	0.982937521068875	0.00843605463282113
636.5593	DG	(18:1/18:2)	0.0130337056087636	0.00936347576504707	0.00982644440167722	0.0127974109166176	0.0112458930952087	0.00742327946507399	0.0112769426709795	0.974237338252445	0.985672048795315	0.00745040456615773
612.5582	DG	(16:0/18:1)	0.0684242542892048	0.0617360433314904	0.0634259042550474	0.0601760429147123	0.058984241216822	0.042525815604566	0.0554439704069884	0.0816290445918078	0.1741689020746	0.249454088177256
698.6682	DG	(18:0/22:0)	0.0473862712549837	0.0346412827577455	0.0365972280776953	0.0277779401812383	0.0388961933289975	0.0197244488918942	0.0349637292253267	0.174031248096147	0.294822289471025	0.382122465905957
640.6267	Cer	(t18:0/22:0)	0.0748489526436162	0.0568909345254396	0.0546963742887309	0.0465281187455914	0.0671287233385403	0.0356785880313467	0.0652699344773716	0.430721827922417	0.567875931336317	0.212033847408519
624.6303	Cer	(d22:0/18:0)	1.91300624724658	1.20297852862049	1.23164228078343	1.03735775364806	1.39679847200861	0.738610863070704	1.30071796715875	0.302893764878564	0.443391349526801	0.373866492351306
596.6001	Cer	(d22:0/16:0)	0.413878793194339	0.289391322817235	0.285974614970043	0.237887455981481	0.348803316864451	0.168597517572988	0.381610654581811	0.51387289318696	0.640113343825375	0.214332856600521
696.6889	Cer	(t18:0/26:0)	0.00961429183980755	0.0057765093849278	0.0117867210301446	0.00626971985192068	0.00998010489285637	0.00502206745269846	0.00724206098802144	0.407953090396245	0.550585544560626	0.345783363502329
582.5848	Cer	(d19:0/18:0)	0.0103375759574635	0.00722343955097062	0.0090404477382729	0.00558079775708767	0.00884107761842328	0.00384139997874213	0.0092939331921274	0.270275708199595	0.414550997274111	0.364113349198732
668.6572	Cer	(t17:0/25:0)	0.0154029903484785	0.00973614589680139	0.0136451739185781	0.00823243104878651	0.0114259544021308	0.00656148794122897	0.00836516815586401	0.105325700643843	0.206342622624984	0.580362451119236
648.6319	Cer	(d18:1/24:1)	0.0167200225871342	0.0221203054203055	0.0184972360132463	0.012651269575261	0.013569143470539	0.014081268674764	0.0133622577103237	0.0651669485384053	0.150752023048097	0.510565146756
646.6132	Cer	(d22:0/20:3)	0.0107213569443392	0.00538417008649185	0.00695138673476739	0.00535536286977656	0.00690766379631619	0.00310917249075814	0.00655466215384418	0.304355664620347	0.443391349526801	0.4875376020341
650.647	Cer	(d18:1/24:0)	0.0305830241568614	0.0238390841737227	0.0239350984035798	0.0214094754671909	0.0282055828720554	0.0194590345130573	0.0270846781199483	0.532175679748042	0.657214091608613	0.119685012082609
678.678	Cer	(d18:1/26:0)	0.0276610398043576	0.0199317571289771	0.0197853749215138	0.0185677303893797	0.0256042742443074	0.0157703595720527	0.0244051679217392	0.712791924582786	0.823213434608285	0.0909729259943134
544.4957	Cer	(t18:0/14:0+O)	0.00228004577014527	0.00197845882119775	0.00247640505798265	0.00153947593225339	0.00160404846077602	0.00204789904841287	0.00155037906046799	0.0372946293331802	0.100462407766254	0.413561726108517
355.2854	MG	(18:2)	78.001247814809	78.9254309571857	67.6986796869528	59.6070266463532	77.3582535766567	53.7474721265329	98.863964099577	0.829939094808291	0.897062356101638	0.0486126987631147
359.3159	MG	(18:0)	128.337036061179	118.392347200792	115.223314881516	95.5693544486456	135.221786756494	83.459945776065	167.564714536632	0.992570151232282	0.994819311333648	0.00235696139289812
387.3483	MG	(20:0)	0.847786629092633	0.978821537115656	0.782206974799839	0.688374766915196	0.939762268333791	0.5528941132685	1.16436085801427	0.832540469699896	0.897062356101638	0.0562569456249314
329.2698	MG	(16:1)	0.552071851033054	0.538841445607356	0.421165733545294	0.512324137499768	0.713449496890341	0.347801329406379	0.778629680371207	0.474692126990193	0.602684862671627	-0.222442536976051
357.3009	MG	(18:1)	10.8205411676741	11.1321783620475	9.51645339684639	9.13396986702571	12.4159267433167	7.70040842532513	15.3921648519123	0.729676619417857	0.829790561923737	-0.0894400863922664
496.3416	LPC	(16:0)	0.0151433601112684	0.0142382088068445	0.0155007304185008	0.00988983119525181	0.0119668884366201	0.0121626252277355	0.0116638694508134	0.00280161361818288	0.0280829812877839	0.389519923372169
662.5143	LPC	(28:1)	0.00105044358412236	0.00146611175463456	0.0010958749828529	0.00152907807513453	0.0019179434531852	0.0025849829050316	0.00190374608132552	0.0314521496629322	0.0960774207097505	-0.720359411047064
636.4989	LPC	(26:0)	0.0157733174850804	0.0139953891195706	0.0137105693745805	0.0113215380391854	0.0165984799022212	0.00973883403409437	0.0181722403013014	0.815377861144087	0.893711958827103	0.0542966347473577
568.3426	LPC	(22:6)	0.00199715489327198	0.00270553827834369	0.00297997699410604	0.00130613591722391	0.00137302243886071	0.00244916175531141	0.00197968149732266	0.11102511131407	0.214582165813292	0.52720130824324
570.3581	LPC	(22:5)	0.000263611961161777	0.000357521796626686	0.000368319568742156	0.00017737869571459	0.000188331028249554	0.000295143327713606	0.000226283390529064	0.0609141503087598	0.145049717033566	0.572513145737571
664.5293	LPC	(28:0)	0.00256948509724523	0.00395980795344385	0.00343649318491029	0.00368902087087743	0.00356592183660946	0.00420688983000192	0.00375421898010976	0.357890781010659	0.495824827288203	-0.195501002725771
520.3413	LPC	(18:2)	0.000537882205783135	0.000531532852216808	0.000609844858172436	0.000406955309424062	0.000486428861601493	0.000479741235973131	0.000476665276558139	0.0358083584544117	0.0995677702865664	0.275501018267235
550.3883	LPC	(20:1)	0.00161728460636792	0.00136930819951011	0.00138411409320299	0.0015838581128141	0.00215427839330031	0.00229014348938955	0.00205438917091773	0.0273712683973276	0.0886993735281818	-0.471927664505474
468.3107	LPC	(14:0)	0.000456034381593082	0.000447743711902538	0.00037588253231357	0.000370644745454335	0.000408153987279178	0.000359960592484319	0.000352320365467144	0.15515961840749	0.274072932514869	0.194441383817759
522.3578	LPC	(18:1)	0.00856761113629471	0.00834729615776741	0.0087093652041772	0.00608564928207981	0.00672630533652823	0.00875639438445166	0.00698887448224087	0.0893371300606505	0.185116841616059	0.258692826544575
552.4041	LPC	(20:0)	0.00484656815173672	0.00304564386256346	0.00349675980772506	0.00423621145292093	0.00642446009579187	0.00429342574422502	0.0054594137207805	0.146188240875514	0.263628166599777	-0.426849331446263
580.4357	LPC	(22:0)	0.00107884946103346	0.000547966017713567	0.000619867316233535	0.000526424656337706	0.00078659922785622	0.000725642529162666	0.000698848666226966	0.742341484933086	0.839761627312756	0.129967034898641
774.5478	PE	(18:1e/22:6)	0.0421449709942986	0.0512817756254516	0.0486721222272216	0.0608652856928289	0.063700801260994	0.0720538272538587	0.0588362100239176	0.00929502687177337	0.0460477768015439	-0.431142953322524
816.5546	PE	(20:1/22:6)	0.064133865332018	0.0753801849713205	0.0802256510358808	0.0723314691513109	0.075467684133469	0.0659136020035604	0.0740630181739275	0.819918502778592	0.893711958827103	0.0258879074190843
818.5737	PE	(20:0/22:6)	0.0415061081847778	0.0373463266606158	0.0393977665770529	0.0373322912203468	0.0422081045984977	0.0450659116887265	0.0430361555402549	0.275015730415419	0.418840211339383	-0.0885074829256192
772.5882	PE	(20:0/18:1)	0.0211232698414113	0.0232430975282734	0.0219317016696094	0.0263179810112584	0.0296461129162693	0.0259752830335649	0.0286821642920495	0.0040244754516455	0.0327273381067776	-0.323556091689244
718.4835	PE	(14:1e/22:6)	0.0109091331705622	0.0143780890543162	0.0137391250254265	0.0114070847447399	0.0107540212219508	0.0109755568814758	0.0111058674807779	0.207499310848674	0.332461721099548	0.234052037544088
696.498	PE	(16:1e/18:3)	0.00194366875428899	0.000450440103825728	0.000586092382891646	0.00120653759850913	0.000946352076054972	0.00110422369789201	0.000956339320957615	0.91182119173756	0.949263124731614	-0.0845556747514135
762.5062	PE	(18:1/20:5)	0.00442809108976931	0.003961099246694	0.00412129952235219	0.00348466173845156	0.00334230988753278	0.00332784779980443	0.00357674620927973	0.0193231619746409	0.0677096163501644	0.280679652878979
790.5386	PE	(18:1/22:5)	0.127066811113274	0.11907494095679	0.125518243662737	0.0907554780998769	0.0934744812454027	0.0744792929110863	0.0929189998638179	0.00145881628665352	0.0219527204394515	0.494969918135521
788.5238	PE	(18:1/22:6)	1.08754239365405	1.06751784331733	1.11410324354321	0.856829581422723	0.84169274648575	0.802488648835206	0.880039452798557	8.52243189810096e-05	0.00441519914125337	0.366487488109261
604.436	PE	(16:1e/11:0)	0.000508655537493034	0.000445520833056368	0.000630382275277122	0.000441087386951065	0.000589753278317427	0.000502594010788788	0.000536936708354354	0.875412074004832	0.922500254024651	0.0292289729182475
744.4992	PE	(16:2e/22:6)	0.0093861686767541	0.0113100077132705	0.0113644962004459	0.010062067596362	0.00956310827905571	0.0103255712465456	0.00989901688782278	0.381925616260417	0.519274260593817	0.101271010316743
784.493	PE	(18:3/22:6)	0.0303585792872781	0.0131136922597572	0.0150233373095104	0.0232230590890531	0.0193742939995329	0.0208531207413866	0.0200598169568045	0.825160609086021	0.895829275859131	-0.098588160702354
810.5087	PE	(20:4/22:6)	0.0489525669774923	0.0455484953299153	0.044174038561871	0.0398897887920633	0.0351890753382726	0.0383700074634948	0.0371541876103948	0.0087254183623329	0.0442430036960645	0.295995198314869
672.4995	PE	(16:1e/16:1)	0.00163686861069278	0.00163363148538637	0.00203098120287175	0.00169187688884521	0.00220395970265897	0.00237328707268926	0.00228675873341544	0.125222331191056	0.235680457394521	-0.275483630509245
748.5303	PE	(16:1e/22:5)	0.147476241442978	0.160717371215117	0.17012485370878	0.124007891875591	0.139351370066927	0.123911286895455	0.135664083937879	0.0264815001908617	0.0871261571164992	0.286378369809552
702.5098	PE	(15:0/18:1)	0.0113141771125866	0.0103551483428619	0.0098123976758134	0.00754032293814124	0.00773663516085406	0.00871562011416857	0.00772560911829416	0.0111372614281036	0.0495423494719326	0.404241682690206
786.5084	PE	(18:2/22:6)	0.0669924847971252	0.0631707260310584	0.068124615327222	0.0611621324880926	0.0593127398939733	0.057342146297423	0.0627775223590158	0.033512898197693	0.0989319118027786	0.136029696661717
742.5414	PE	(18:1/18:1)	0.109172828046168	0.0931674643928808	0.0979697962356898	0.0955633423912642	0.100792135293782	0.0857180910305524	0.100778705104143	0.499546866679188	0.629455986459472	0.0647026154348407
766.5396	PE	(18:1/20:3)	0.00364395727566715	0.00131993678422422	0.00164763227973329	0.00271057852487751	0.00231990847328409	0.002407550184571	0.00240400552195917	0.758318544299564	0.853355855334496	-0.158936905726165
812.5261	PE	(20:3/22:6)	0.0509227293121965	0.0335053378917923	0.0358026768206986	0.0385731467034431	0.0333947573732568	0.0349551890004871	0.0342433803179753	0.475201194691163	0.602684862671627	0.183445858266305
740.5249	PE	(16:0/20:3)	0.00572186376254195	0.00221772854198584	0.00253759343829048	0.00422091506194183	0.00348586648639537	0.00376043425551988	0.00365978079148264	0.820947714835225	0.893711958827103	-0.114836826072323
688.4932	PE	(16:0/16:1)	0.051747503542087	0.0562600153563846	0.0567308991369898	0.0372297641225346	0.0366522829707617	0.0320603584846315	0.0390846474892458	0.000502584917980192	0.0120341166471924	0.598892496241278
774.5462	PE	(18:2e/22:5)	0.0175459304228858	0.0195316081928475	0.0197866957882519	0.0197201125162058	0.0191156978946459	0.0189723461866639	0.0179785406434751	0.992530149762062	0.994819311333648	0.000614396922785227
762.5084	PE	(16:0/22:6)	1.41923294791668	1.58752716917279	1.6303762160974	1.00726848423791	1.05188457818148	0.999286585224008	1.09271267121521	0.00954196384740975	0.0467339365708364	0.574759772338291
688.4934	PE	(18:1/14:0)	0.00286371566180219	0.00294614682849965	0.00281482073110455	0.00212638880381368	0.00221102766939166	0.00202607582775383	0.00219448171501727	5.35074337717139e-05	0.00417699727370364	0.426239669242133
740.5242	PE	(18:1/18:2)	0.0330889851843407	0.0251683074761538	0.0275623639025799	0.0278648607951649	0.0278189962992359	0.0230329841629663	0.0285109172359268	0.545787493595852	0.668279573124467	0.0937391014706433
690.509	PE	(16:0/16:0)	0.0184220440064395	0.0174351612336421	0.0186791765819597	0.0119669449235423	0.0134228107652551	0.0117550706813219	0.0146858295458411	0.00172760598279659	0.0240192960833978	0.488450837001138
744.5559	PE	(18:0/18:1)	0.118065225081159	0.127342985489096	0.127903073611287	0.104335669670872	0.11083376748944	0.104717046924195	0.111956496852361	0.0157830077585937	0.0590201204784376	0.204909776689307
834.5088	PE	(22:6/22:6)	0.0710468331466134	0.0937981528597819	0.0915078664313782	0.0737041010414343	0.0677932178731818	0.0932312848266041	0.0703484268525557	0.374753071311744	0.511134727010639	0.163994887213444
790.5407	PE	(18:0/22:6)	0.744366413094857	0.768120516584469	0.773672210319014	0.781436168323905	0.865892980138337	0.751019995902073	0.870103466420435	0.163655182317121	0.27990231578841	-0.100644447106949
734.4783	PE	(14:0/22:6)	0.0134928761112742	0.0143544638547273	0.0143167052141076	0.00826384637784984	0.00917472930584792	0.00780299426976663	0.00949452498487531	0.000112684896876536	0.00441519914125337	0.694615209595358
760.4929	PE	(16:1/22:6)	0.0500040049802773	0.0506730887588452	0.0531381384254375	0.0362838027469636	0.0381837999204629	0.0348429663070417	0.0404086703082895	0.000283207200487917	0.008718735957878	0.453976255166688
776.5629	PE	(18:1e/22:5)	0.00721150087666881	0.00811247056442398	0.00788714549912704	0.00881162242531065	0.00999195629012245	0.0101248284223941	0.00924057213389421	0.0072699523705249	0.0416513959990447	-0.302547158571507
764.5245	PE	(18:0/20:5)	0.107300749354253	0.11559587425931	0.112410396342649	0.154672698048955	0.167037681616189	0.136076071161093	0.165737101911847	0.00567694995673249	0.0382307098648703	-0.479923870035693
722.5151	PE	(16:1e/20:4)	0.020645090618019	0.0205075695067982	0.0205400263170841	0.0281059577002248	0.0343750019741975	0.0331379594371373	0.0337781434262583	0.00377361109730646	0.0318907133909625	-0.653595991889601
648.462	PE	(11:0/18:0)	0.000621923214076037	0.000648711655130376	0.000704072121333975	0.00117113620262647	0.00166297857597079	0.00090885255736114	0.00135752528242505	0.0286873353174295	0.0915869742356452	-0.95396049334403
710.4777	PE	(18:4/16:0)	0.00271087773383457	0.00271087228834386	0.00260907226464047	0.00193370557621196	0.00168833403305398	0.00192772487812094	0.00183293625930643	9.80279944324047e-05	0.00441519914125337	0.53643653316035
738.5094	PE	(16:0/20:4)	0.0438071333712001	0.0478883660907609	0.0469513853498372	0.0449332512638045	0.0448995816712647	0.040045509959796	0.0463898401491313	0.299442110064777	0.440476277945116	0.0686806136100923
714.5091	PE	(16:1/18:1)	0.059318324049037	0.0549965657220053	0.0581030330452412	0.0452862717573386	0.0467934550925637	0.0388839109607594	0.0478998319102622	0.00360427868946802	0.0317029411257289	0.362088481566446
792.5557	PE	(18:0/22:5)	0.0814675154836253	0.0832591664943203	0.0842103906460239	0.08460091326488	0.0959557566318495	0.0819892565468715	0.093230778570729	0.172540561737778	0.293932735608626	-0.100153454141602
800.6202	PE	(18:1/22:0)	0.00257650690723899	0.00263368891300711	0.00249609737548276	0.00274513822314429	0.00294332733606621	0.00312935907794317	0.00299944525584394	0.0107198671463083	0.0495423494719326	-0.201750292073712
748.4923	PE	(15:0/22:6)	0.00718542625946743	0.00722878829412892	0.00697850784466949	0.00462017903970898	0.00467569783024201	0.00451362996007793	0.00495705070344372	5.819464858791e-06	0.00250818935413892	0.603993556264183
756.5583	PE	(19:1/18:1)	0.00261740047226219	0.00238403295249796	0.0023299765662905	0.00272126187015668	0.00274090174072808	0.0027571354010254	0.00260505974654882	0.0811416967621313	0.173990404499894	-0.147081470003571
820.5882	PE	(20:0/22:5)	0.00431105766455909	0.00383935111239212	0.00399407115212182	0.00357697728131078	0.00401099660118253	0.00405512763693052	0.0038273549468755	0.361658089429958	0.495824827288203	0.0658224440020582
620.4307	PE	(11:0/16:0)	0.000482958799032861	0.000497682504977405	0.000642406447630244	0.000375973769302104	0.000478070035760176	0.000342366144733194	0.000400596332769933	0.0868003859841067	0.183387089995833	0.438372957006978
720.4986	PE	(16:1e/20:5)	0.082228773365027	0.111801073364017	0.0972299512932512	0.134041571095533	0.135669991151506	0.143893996510218	0.131451145159638	0.0344529248338622	0.0995677702865664	-0.489062243342481
686.5148	PE	(16:1e/17:1)	0.00254037102253862	0.0026899601161478	0.00245373026796423	0.00204612632008368	0.00235475084152134	0.0036648981998903	0.00230243669836818	0.938842164769242	0.963430888132246	-0.0171886782750886
766.5411	PE	(18:0/20:4)	0.0461836853489145	0.0445016506615364	0.0442607577444181	0.0846386345079082	0.0960571346251117	0.0815113938712188	0.0970105970259928	0.00122091148763918	0.0202389558143265	-0.997437964490458
728.5257	PE	(17:1/18:1)	0.0112804962096299	0.00971107942069003	0.00940784154512593	0.00877117612812259	0.00859341265040054	0.00886055224605467	0.00848964754151058	0.126258634988589	0.236597702956877	0.223530778948677
808.4941	PE	(20:5/22:6)	0.0123052108541716	0.018252112579232	0.0161237125835944	0.017653095946153	0.0151995696535455	0.019832659417308	0.0156321744440687	0.503668853911663	0.629455986459472	-0.134381091609163
662.4776	PE	(16:0/14:0)	0.00834387750443618	0.00931071859363087	0.00869110733067639	0.00498606617703419	0.00532577117110444	0.00485166230645319	0.00559009994324274	0.000955059381372229	0.0185188358809234	0.759243613686486
716.5246	PE	(16:0/18:1)	0.0263550253686589	0.0278208799711053	0.0278880068451877	0.0221795269506012	0.0235849375535697	0.0199000186335168	0.0235537708482404	0.00504069095637022	0.0368226746134841	0.294446517268571
736.4938	PE	(16:0/20:5)	0.0545666521457909	0.0607861678748478	0.0602372523107708	0.0494734819239163	0.049747356700013	0.0474438300597774	0.0504493785093846	0.0329421219057043	0.0979977152855796	0.248218185388863
746.5135	PE	(16:1e/22:6)	1.08629261753104	1.19041004435375	1.21292670480673	0.874991112613507	0.935294951854086	0.871784060680955	0.939353853477504	0.010309465534919	0.0488283477532975	0.361554224914949
712.4936	PE	(16:0/18:3)	0.0112332719456178	0.00515334972579698	0.00598306419581786	0.00754167912395323	0.00687163346066385	0.00672795431281606	0.00689205532934209	0.836127778747717	0.897798796032373	0.0894397681806334
686.4774	PE	(14:0/18:2)	0.00286579547096757	0.00268329242840401	0.0028242476198029	0.00178854845994853	0.00199759496266201	0.00161214340738105	0.00215452387348779	0.00202491565969769	0.0244839154268948	0.563826305297591
772.5298	PE	(18:2e/22:6)	0.199111154095211	0.223935597038349	0.22450913913042	0.220860367724278	0.207142987584314	0.211611369076017	0.205318707909568	0.649102362524586	0.768579995187078	0.031204532043252
770.5716	PE	(20:1/18:1)	0.0278426714849651	0.0241143074828045	0.0250343602471274	0.0256517517718446	0.0265965817214314	0.0218080103728414	0.0261618456663507	0.714774800931455	0.823213434608285	0.0346611895548847
718.5405	PE	(18:0/16:0)	0.0240968042982388	0.0242057843002076	0.0249171796166126	0.0172835860425197	0.0177703605117771	0.0190436358517911	0.0183444048685537	4.51340899395007e-05	0.00417699727370364	0.430444582166056
698.5137	PE	(16:1e/18:2)	0.00553282721609857	0.00420370846149597	0.00643448555573033	0.004630688000123	0.00604433493064073	0.00596253475089431	0.00576774130246516	0.790257925097056	0.875581402871031	-0.0553916883114939
829.7137	SM	(d19:0/24:1)	0.00086046683235395	0.000627552773191177	0.000686290959738423	0.00111414885502165	0.00130338679673064	0.00127227952600214	0.00126305685489245	0.00543865662604189	0.0378074355778073	-0.772669826404235
787.6717	SM	(d18:1/22:0)	0.0908986581394541	0.0940025670065389	0.0984949697242133	0.0795679267108303	0.095337202374515	0.0981537996150363	0.0925399405631272	0.543396877948376	0.66724801822151	0.0475962783687945
797.6546	SM	(d18:1/23:2)	0.000378426685245247	0.000853944170755727	0.00086115313813734	0.000692324976187502	0.000732472087919748	0.000961003083965732	0.000708084293186072	0.693272112534753	0.809756857730294	-0.148448359768905
801.6871	SM	(d18:1/23:0)	0.00350931733050774	0.00304048077601702	0.00335227851887922	0.00398556432880689	0.00447249141829184	0.00430385620514776	0.00440409993112115	0.00426015876356387	0.0335117086843374	-0.3787143844516
725.5589	SM	(d18:1/18:3)	0.0360997444853201	0.0342349923408331	0.0331404763421631	0.0340502615557467	0.0451583160156465	0.0230160666896988	0.0458204086867077	0.674385767383056	0.796329495183828	-0.10171356249826
685.5304	SM	(d18:2/15:1)	9.88127114659375e-05	0.000150186760473666	0.000145712321906022	0.000128506226647606	0.000152723641691662	0.000155729341993808	0.00015362964029927	0.438063486533273	0.569011480169865	-0.166316994607008
815.7032	SM	(d18:1/24:0)	0.039457117509203	0.0302220921945917	0.0328886543560369	0.0376707114879498	0.0463141675209631	0.037176144568569	0.0455268221772064	0.103687193530517	0.204148461618982	-0.285532627737187
833.7101	SM	(t18:0/24:0)	5.64983915533605e-05	7.69751702653459e-05	0.000135822878874068	0.000206281487403433	0.000362023786347541	0.000221969384064424	0.000347406489662027	0.0109865000898912	0.0495423494719326	-1.66379171079859
675.5453	SM	(d14:0/18:1)	0.102076249240366	0.116208985686142	0.132628014417232	0.108678482681671	0.116519347813777	0.120698037975149	0.118104892489221	0.924292966403677	0.957620837788425	0.0120247481527005
713.5595	SM	(d18:2/17:1)	0.000566698978502378	0.000249118397877842	0.000244559543822788	0.000705776559370654	0.000723132062414913	0.000707050423566042	0.00082917202014362	0.058787533316883	0.141549870723892	-1.06848120282496
721.5864	SM	(t18:0/16:0)	0.00322620720946937	0.00283322686424531	0.00369012617067712	0.00230166804149625	0.00329737446746667	0.00304773317350375	0.00328040968010398	0.469187888205093	0.600059287289006	0.124192922973728
711.543	SM	(d17:1/18:3)	0.00948300230789043	0.00625596107717473	0.00700988076448489	0.0093056193302388	0.00920693337868503	0.0100796527937769	0.0095571683356259	0.178583292505092	0.29949182517391	-0.33082863341613
841.7194	SM	(d20:0/24:2)	0.00250748709953162	0.00317099852504256	0.00327484334781406	0.00272367842482621	0.0033814280283609	0.00341957935297938	0.00326914471037064	0.50385688011257	0.629455986459472	-0.0999146760945102
647.515	SM	(d18:1/12:0)	0.00049533946029036	0.000661306245466121	0.000717154904829565	0.000702246261002676	0.000758585565848704	0.000679426477353033	0.000747561706360465	0.278491871045288	0.419685302169647	-0.208975881455175
699.5422	SM	(d18:2/16:1)	0.00830219434896407	0.00628640263973192	0.00756911877970965	0.00780283568147303	0.00961998923301758	0.00822114363564502	0.0103909085985204	0.114003024120287	0.217412846884264	-0.286547265492077
697.5272	SM	(d14:0/20:4)	0.0465859340078777	0.0504667414599583	0.0564466477004322	0.0513001826134814	0.0534134416208293	0.0511227111037206	0.052123978381073	0.802605324519164	0.886981781712204	-0.0230384431693703
813.6881	SM	(d18:1/24:1)	0.0300522550546816	0.0475148403328075	0.043120603026621	0.0317193330819293	0.0340404265654378	0.0472148993143856	0.0329845583863937	0.590170461965023	0.70853334013071	0.140750810147804
677.5604	SM	(d14:0/18:0)	0.0149573706860243	0.0126434959579014	0.015016311303977	0.0162638459858126	0.019655652100408	0.0195657369899687	0.021123299148944	0.0123098482647224	0.0525301445752016	-0.431032555737849
705.5921	SM	(d18:0/16:0)	0.0223521005156877	0.0188601285383179	0.0216915800027065	0.0187100664412806	0.0242033695168522	0.023493560896669	0.0267301329635398	0.299108860579485	0.440476277945116	-0.151171544188744
835.6701	SM	(d20:0/24:5)	0.0104724855696071	0.0167466059708707	0.0158135398240264	0.0121699262881768	0.0123896652968469	0.0208085510699856	0.0118031974702862	0.986668867162561	0.994819311333648	0.0051764521780877
661.5301	SM	(d18:1/13:0)	0.000656224290612018	0.000745518619912071	0.000796397044121865	0.00070284614998459	0.000746938258259589	0.000755986706968901	0.000759535095937126	0.856924758651229	0.911937212293037	-0.0168603475091172
741.5928	SM	(d18:2/19:1)	0.0183377368082324	0.0283595410559685	0.027193766793481	0.0260365445522255	0.0245860411702897	0.0398451553228356	0.0253821804761012	0.410366328723703	0.550990304298804	-0.233748137254246
731.6094	SM	(d18:1/18:0)	0.0106158678384031	0.00994874990573404	0.0106915661615607	0.00845399311197453	0.0092184592392327	0.0098820214177708	0.00966880413604464	0.0372913622331284	0.100462407766254	0.162974042878566
781.6235	SM	(d18:1/22:3)	0.00744595964700875	0.00993491562100208	0.0114283405643158	0.00824767442082456	0.00878602672466929	0.00943182469650446	0.00919126162407769	0.616462978480365	0.733965590400656	0.107391163347092
807.6368	SM	(d18:1/24:4)	0.00467048709275274	0.00852160555792165	0.00911699120331797	0.00707609326792558	0.00671567896199651	0.00758970571694398	0.00653488565760089	0.775462601169449	0.86586627229024	0.091557740474318
825.6841	SM	(d19:0/24:3)	1.86111013455807e-06	2.10093719226431e-05	1.22175483015831e-05	2.49492553163276e-05	2.55267073597485e-05	3.53687491942516e-05	1.68412397172948e-05	0.109949230016434	0.213459991608482	-1.13415045102609
799.6709	SM	(d18:1/23:1)	0.00158261666810002	0.0023172063454621	0.0024091314902963	0.00169294411273744	0.00170195541625976	0.00222784877127145	0.00166453851093439	0.408787411274711	0.550585544560626	0.207056673272797
759.6405	SM	(d20:0/18:1)	0.0215436719435831	0.0286699426439108	0.0331550529100646	0.0232359082632432	0.0254037170376115	0.0288687766102948	0.0270303593510702	0.681525837071216	0.800794096717783	0.088576711658864
809.6537	SM	(d18:1/24:3)	0.0335251392009472	0.0336999421130121	0.0372574918050488	0.0304073566765536	0.0348714334507993	0.0412124012020918	0.033713561174052	0.934373669962517	0.961133775068842	-0.00923542170376677
805.6805	SM	(t18:0/22:0)	0.000454108872186062	0.000489891898810618	0.000567103064932845	0.000631750304721565	0.000883595324351153	0.000605014540070693	0.000823867458445526	0.036500481914797	0.0995677702865664	-0.547248916655051
717.5917	SM	(d17:0/18:1)	0.00995739271179497	0.00549765207301885	0.00768245542869185	0.0117856529050673	0.0123593028308087	0.0149233603562496	0.0137398432242613	0.0300276658951798	0.0937820579769746	-0.775490352954053
707.5717	SM	(t18:0/15:0)	0.000576965421312498	0.000166250457151654	0.000222967130911379	0.000313145906089544	0.000334854862355044	0.000370888464034117	0.000369166595024223	0.864383741553205	0.915354772996146	-0.107659707021255
785.6569	SM	(d18:1/22:1)	0.0129342365532514	0.0223634806838601	0.0240228015393109	0.0186613466779224	0.0182064318939012	0.0227020386155617	0.0178507869805007	0.91714107586015	0.952500731796927	0.0308511478974583
773.6562	SM	(d18:1/21:0)	0.00212404730439848	0.00227544171956188	0.00263198808112709	0.00262122699339729	0.0029172310083524	0.00312322169585676	0.00275815157139224	0.0523848997609653	0.130508045069226	-0.284604141634647
703.5769	SM	(d18:1/16:0)	0.287505622997681	0.299377906777717	0.322550535827805	0.256667783728888	0.300985509437094	0.285451777679485	0.313899522294365	0.426339694290595	0.56713706246681	0.0676838582456863
819.6355	SM	(d19:0/24:6)	0.00228223668240834	0.00236156963612897	0.00224889674326616	0.00237810488175514	0.0025831708796294	0.00235037752024828	0.0028144640285089	0.115214924154585	0.218756089474123	-0.139901833318125
837.6841	SM	(d20:0/24:4)	0.0115275907511295	0.00990580929451406	0.00973021913228628	0.0118311181978341	0.0146993325699722	0.0133269807490745	0.014754586894847	0.0149255850353686	0.0564291855284551	-0.394318189144861
854.5696	PC	(20:4/22:6)	0.0384581625425975	0.0386155106888005	0.0398847631944227	0.0345332486754246	0.0332984685331435	0.0397610438395432	0.0329470019034803	0.0888201278372695	0.185116841616059	0.15005505867028
690.5451	PC	(12:0e/18:1)	0.00196170493005586	0.00256906836314812	0.00208100998817233	0.00270109146395092	0.0032337122148176	0.00326431400873573	0.00332424676593298	0.0158847656044055	0.0590201204784376	-0.50647335864332
698.478	PC	(10:0/20:4)	0.000187562481477973	0.000178566726311576	0.000182017292762616	0.000137247938264483	0.000124259161287523	0.000111854791164565	0.000120096321080841	0.000398092958584668	0.0103888495144575	0.566671110238204
852.553	PC	(18:2/22:6)	0.0167094517548804	0.0137457071075935	0.0149368739704069	0.0136718876704051	0.012701229011554	0.0135062761634149	0.0126035160499122	0.134262288110826	0.247295069127205	0.205628914160597
714.5094	PC	(11:0/20:3)	0.000486182491468352	0.000561921974156719	0.000581476492462617	0.000471940145636952	0.000463176513980679	0.000497604621059198	0.000491092644495223	0.157696679337242	0.276289710546143	0.175569260940159
846.6009	PC	(19:1/22:6)	0.0115590787842595	0.0144346430202145	0.0138757305492323	0.010121142955004	0.00995820063742124	0.0124003664904979	0.0100898558561255	0.0718839126694019	0.157268864774174	0.320498908167321
728.5242	PC	(14:0/18:3)	0.0104366594215276	0.0097894080096945	0.00988988453767593	0.00929876139895723	0.00827553018401868	0.00935372705077634	0.00838965246535167	0.0190284444507924	0.0672234390023895	0.18517515006618
678.5084	PC	(16:0/12:0)	0.0228484570370003	0.0284921601843207	0.0262589859786997	0.0165881594819933	0.0172476358385599	0.0169350190171375	0.0170971242749332	0.0315533010974276	0.0960774207097505	0.60835658051224
822.603	PC	(19:1/20:4)	0.0160637359313563	0.0152885467922272	0.0154429817161092	0.016642512866195	0.0170319432946288	0.0148941097614672	0.0156921818881492	0.430490068248873	0.567875931336317	-0.042537730281718
828.5547	PC	(18:3/22:6)	0.0353076759115027	0.0202744826389705	0.0222822594860501	0.0266014491721147	0.0230908319881006	0.0249487940075644	0.0230440339070038	0.777473242224605	0.865868132813449	0.0878630476083421
888.6513	PC	(22:1/22:6)	0.00269726519882581	0.00380861950664658	0.00391006531999443	0.00483411693199053	0.00471837837485563	0.00531496256098179	0.00442099501163531	0.0538192340266488	0.132624420138523	-0.473905498900916
814.5764	PC	(18:3e/22:6)	0.000933975872468467	0.000610018418161083	0.000658973595803649	0.00103115491214215	0.000733826760721347	0.000972438425951433	0.000725341272469872	0.361739358280877	0.495824827288203	-0.23743700703692
730.5401	PC	(16:1/16:1)	0.117783482129814	0.103175314176542	0.108798189758299	0.0875246484531841	0.0892500558870851	0.0871627390303874	0.0901915277195175	0.0342545946744259	0.0995677702865664	0.312165848667031
808.5861	PC	(16:0/22:5)	0.376633840803854	0.371458813340203	0.369371981654349	0.415248683510594	0.444433709766637	0.354046267486258	0.425027496066372	0.152223936841576	0.271285956931645	-0.137334525982355
860.618	PC	(20:1/22:6)	0.0635556125146766	0.0731042201572383	0.0781630514949071	0.0733718373318219	0.0758214819287216	0.0716549530134801	0.072289187943905	0.735916216436355	0.834683919168603	-0.0333921577568057
818.6074	PC	(18:1e/22:6)	0.0133561888286949	0.0153364444614834	0.0159390633307626	0.0187431750376647	0.0168108987873755	0.0182858810413355	0.0169580300890649	0.0445870043666401	0.115071849592945	-0.250602149813421
866.6643	PC	(20:0/22:4)	0.000978773504295818	0.00094740383645488	0.000880085441010074	0.000839015739146401	0.00109553166594518	0.0011336640427601	0.00100883314915902	0.306189122969647	0.44433505723878	-0.123836127694302
820.5882	PC	(17:0/22:6)	0.0463077358589364	0.0402974171116547	0.040368716534758	0.0430889342487739	0.0399980282910779	0.0412891377172462	0.038602653081258	0.527311568677657	0.653078408333535	0.0548852281128769
766.5759	PC	(16:1e/20:4)	0.0393044423448433	0.0573403184262535	0.055732325290107	0.0721342909328683	0.081248748756066	0.0705176861304262	0.0766055222380126	0.036038159357428	0.0995677702865664	-0.564711516501017
718.5403	PC	(15:0/16:1)	0.0511390124706514	0.0453265344096182	0.0442432751652812	0.0392898500132604	0.0382635881093744	0.0378344555767573	0.0388835058658633	0.0571051335008337	0.138271418757637	0.282279658688045
692.5611	PC	(14:0e/16:0)	0.00353684424608839	0.00501183138644447	0.00468478848451491	0.00480235244739463	0.00522478473288193	0.00570642300964893	0.00523054748294165	0.19533159106948	0.317881663976627	-0.248693160005734
726.5098	PC	(12:0/20:4)	0.00346912155565462	0.00329086940934269	0.00326885775238534	0.00283683907092351	0.00263032512151831	0.00232959065726779	0.00251799345958295	0.00210186744964062	0.0244839154268948	0.374484879168954
892.6799	PC	(24:1/20:4)	0.000608634638698102	0.000543708447146434	0.000521662570307485	0.000502135998742924	0.000621809513696316	0.000638300842498921	0.000608027678954857	0.430847864378134	0.567875931336317	-0.0867119609312379
742.5406	PC	(15:0/18:3)	0.0130102054049175	0.0103945367625413	0.0101323854989642	0.0100651748069123	0.0105714951526129	0.00858228831679262	0.0106063051073924	0.320572927002664	0.457506395821683	0.167112728842998
702.5443	PC	(16:2e/15:0)	0.00050129166886229	0.000456287471658406	0.000452495325427864	0.000576120180407132	0.000651274698048919	0.000746723794369673	0.000699567219248523	0.00743029534515444	0.0416513959990447	-0.508021133234577
890.6667	PC	(22:0/22:6)	0.0024412588985863	0.00194383771078006	0.00198565736294798	0.00211863222417978	0.00248045380801369	0.00241562165344056	0.00225100750933569	0.359143750652159	0.495824827288203	-0.125400714827441
878.5709	PC	(22:6/22:6)	0.0886052362297455	0.0870618007058091	0.0934890060109816	0.0652155372639915	0.0609109505800965	0.0746962509622044	0.0633367018817188	0.00143445173652275	0.0219527204394515	0.442071344902488
788.6186	PC	(18:0/18:1)	0.468929184648028	0.502443666737914	0.497875516764721	0.576730124772309	0.679538174675194	0.604725220738147	0.660500858137805	0.00557845035371114	0.0381636841658651	-0.364163213558442
834.603	PC	(18:0/22:6)	0.396280288221785	0.421281319470414	0.425671296462458	0.409623030647594	0.431459652697086	0.384506799543295	0.408964698279605	0.681882676323495	0.800794096717783	0.0202368924427293
764.5577	PC	(14:0e/22:6)	0.0615928871240955	0.0649247942360167	0.0578338857924437	0.0446580491222703	0.0473903909843651	0.0428963650553369	0.0486574994345214	0.00450847080670983	0.0346991235302131	0.420913012222258
734.5719	PC	(16:0/16:0)	0.633242801772198	0.616626627485291	0.607266629594341	0.44917149441415	0.4759596258184	0.484613608053382	0.486820593694517	5.81484539262688e-05	0.00417699727370364	0.384727952043069
880.5867	PC	(22:5/22:6)	0.0802040180580702	0.0821830677049943	0.0898168730430291	0.0511815258185562	0.0511983631418105	0.0564569253826173	0.0519561149298043	0.00319169663415777	0.0299048097678695	0.673801946098437
692.5238	PC	(15:0/14:0)	0.015379969046588	0.0159792988903484	0.0149593484370691	0.0107757257751329	0.0115696832442165	0.0114655258179092	0.0115407147136859	0.000572716297006089	0.0129916170531381	0.445474631106927
884.6122	PC	(22:3/22:6)	0.00221235186178552	0.00182778761489066	0.00214849181421929	0.00142044638442936	0.00152106945957198	0.0010638448131944	0.00141421363201805	0.00842227360435275	0.0437349388370606	0.606478338764431
774.5089	PC	(22:6/14:2)	0.000352387555942478	0.000328285191310074	0.000326562271112396	0.000352638771741939	0.000305652952645724	0.000280042799800111	0.000294897424177458	0.190736293686197	0.314121100940917	0.122993676446422
792.5552	PC	(15:0/22:6)	0.0353335084318608	0.0346365330864202	0.0349037145786108	0.0294252608948981	0.0292709195384142	0.0304394109253201	0.0294361100908952	1.92381166688632e-05	0.00276387609476002	0.237931463711725
814.6338	PC	(20:0/18:2)	0.0925467635720909	0.0895915149432797	0.100470278226484	0.104153573325113	0.123871808039932	0.110936069362093	0.118400568364343	0.0136789917283002	0.0545893095823831	-0.279493917262567
766.5407	PC	(15:0/20:5)	0.0085025512510915	0.00883343852704006	0.00856428544897567	0.00839765714287832	0.00804548844652112	0.00853251359150257	0.00796906639827664	0.0666385658108976	0.151164325602615	0.0679574184030372
802.6341	PC	(16:1/21:0)	0.00917002739826251	0.00914087578715823	0.00893937891524976	0.0109534473499985	0.0128788082378791	0.0112807324473851	0.0123071090272148	0.0075378396471589	0.0416513959990447	-0.384189951493912
836.6195	PC	(18:0/22:5)	0.0185544061278841	0.0182741475781715	0.0181587211486275	0.0219569063997233	0.0246238642343533	0.0225496406722523	0.0213902543089143	0.00789077902594054	0.0423380365862482	-0.304111904734432
764.5248	PC	(22:6/13:0)	0.000599641721945227	0.000628658964828824	0.000613379610890193	0.000568108946019982	0.000532303370387773	0.00055202327045863	0.000540480674790289	0.00286694008506379	0.0280829812877839	0.163209418507235
744.5558	PC	(15:0/18:2)	0.0490045596186335	0.036409370609169	0.0373807273683705	0.0386023360415711	0.0367993062187455	0.0350886685508935	0.037032857008172	0.422849448090946	0.564235641260674	0.150343753558259
858.6017	PC	(20:2/22:6)	0.00824973394418062	0.00679077625278825	0.00752823902050566	0.00620186108680001	0.00594352054929404	0.00548976019774297	0.00585674173200137	0.0466041025206274	0.119561715395181	0.357201571976214
840.6504	PC	(16:1/24:2)	0.00238353492768987	0.00197993476349338	0.00224225964188774	0.00199687295238103	0.00247353682830855	0.00227171677295087	0.00222326525820649	0.808986497614032	0.88980214458917	-0.0256112778407101
746.5727	PC	(17:1/16:0)	0.178784147545804	0.156680840591507	0.1539814670489	0.148153903966244	0.148072543657069	0.154947430924854	0.148789228831091	0.232686064584884	0.363361209551033	0.121314748762986
702.5091	PC	(18:0/12:2)	0.00143624969123613	0.00147702343804354	0.00144934879573733	0.00124929665245539	0.00126533558185739	0.00114968798695655	0.00128400413629105	0.00281485827824157	0.0280829812877839	0.23329288050966
770.5708	PC	(17:1/18:2)	0.0172630156363037	0.017056852632738	0.0166954956531952	0.0188164816943532	0.0186483583697433	0.0181029956360863	0.0191163014244837	0.00163120096045038	0.0234349204651372	-0.134832550144879
778.5402	PC	(16:1/20:5)	0.0237461712305238	0.0216542501050376	0.0229058009497113	0.0223672976757612	0.022207555605467	0.020708073735129	0.0218818646968194	0.252788594675767	0.391913252896603	0.0633089966463699
800.6198	PC	(19:0/18:2)	0.0150950867534106	0.0140484419917208	0.0140611147962067	0.0144948670209587	0.015294061030524	0.0154280210890572	0.0150223484663664	0.190950646047611	0.314121100940917	-0.0644810704813642
818.5698	PC	(17:1/22:6)	0.038858672084273	0.0381381400952117	0.0408204157771062	0.0331861872277207	0.0330497096840276	0.0324837230651629	0.03312428652243	0.0130385070092695	0.0530150615188222	0.252757118645166
852.5561	PC	(20:5/22:6)	0.0492477101591282	0.0603251183580895	0.060282514395448	0.0469481857848408	0.0467968380218771	0.0489693198978206	0.0443822362791705	0.108184287350172	0.210983836415945	0.275560911944431
706.5397	PC	(16:0/14:0)	0.376895034427035	0.416329484519489	0.391875170936273	0.265976464855254	0.291285969651607	0.269073890127443	0.299011993025147	0.00147709719894222	0.0219527204394515	0.489674308819952
778.5391	PC	(16:1/18:2)	0.0375707294400956	0.0175329283005026	0.0198498047948684	0.027595862322851	0.0253907732657144	0.0216143843807682	0.0250195478157592	0.991228011194304	0.994819311333648	0.00458899180827483
700.4935	PC	(8:0/22:3)	0.000194508028858449	0.00019459437606173	0.000198938445768694	0.000182559133932733	0.000180174443143735	0.000151397253936855	0.000170163907925642	0.0362183467883872	0.0995677702865664	0.196336025051279
826.5405	PC	(18:4/22:6)	0.00711459252955997	0.0085044332020797	0.00840711147974151	0.0070711090913925	0.00702994657527101	0.00662100785988531	0.00663306485821158	0.111670952764567	0.214866877863966	0.227830891230316
704.5244	PC	(16:1/14:0)	0.0819867671743235	0.081436085596859	0.0815351055524689	0.0588070261021499	0.0607016919269252	0.0578635299598207	0.0599736749483062	1.79711411562934e-05	0.00276387609476002	0.46058039493749
720.5558	PC	(15:0/16:0)	0.0674038672073712	0.0649051786189602	0.0600799162677105	0.0478050905689825	0.0495968363354501	0.0572760586465242	0.0519317370912952	0.00972495633927734	0.0470950132834667	0.312155383056165
776.5254	PC	(22:6/14:1)	0.00480927583067749	0.00429295783361781	0.00445916125329049	0.00340529668350126	0.00347399900607327	0.00308897903009392	0.00343453346859393	0.00499538382150045	0.0368226746134841	0.432007770947962
566.3842	PC	(4:0/16:0)	2.73590387019828e-05	3.84000664218308e-05	5.00484056897864e-05	3.4402322672766e-05	2.85541354988481e-05	2.7292502787519e-05	3.97228736142546e-05	0.46032120676579	0.590471547964452	0.248567303866085
832.5856	PC	(18:1/22:6)	0.906553137890663	0.857895121823816	0.900784191574659	0.741517677061673	0.758545120169689	0.682091564079503	0.778732975638583	0.00233805640844399	0.0264138716704743	0.263269267658442
780.5551	PC	(25:1/11:4)	0.58220612458027	0.627642976311899	0.63816209538926	0.549698674612079	0.545208915029832	0.543358257903407	0.529520925833929	0.0425305724111414	0.112458139320257	0.184788138595742
844.6817	PC	(18:0/22:1)	0.00543695117252038	0.00443210864117848	0.00443967492986326	0.0051313805875347	0.00618473529242689	0.00603811795850649	0.00593539869681175	0.0638250904080742	0.149503336771087	-0.287754270818252
748.5887	PC	(16:0/17:0)	0.0169717323267471	0.0116311821680012	0.0117583904300762	0.0155224196875682	0.014763155869662	0.0173437427778011	0.0146515040410057	0.353524172194366	0.491512639405716	-0.210777675977947
856.5835	PC	(18:1/22:5)	0.0346349993279969	0.0324122281998091	0.0329472964841193	0.0261443034122297	0.0300172894676	0.0159129812687606	0.0285782496406943	0.0802384254406961	0.172985475373522	0.4055708480391
806.5711	PC	(18:1/20:5)	1.46220304258443	1.63929631321969	1.68641506271089	1.20359690637741	1.23076934791269	1.1614886454937	1.28103563012917	0.0207177050100752	0.0714346468747394	0.388473275367827
740.5246	PC	(11:0/22:4)	0.00163673818665769	0.00145353519871519	0.00142252204810552	0.00147693354908155	0.00136515915922404	0.00140342998972734	0.00132195066358378	0.229368769255568	0.359483416542363	0.112036131218203
762.5438	PC	(14:1e/22:6)	0.000613311812657126	0.000736150533993588	0.000825642808073691	0.00097601853273807	0.00109261700609275	0.00107331736821846	0.00116550726253501	0.0113815255713027	0.0495498739518329	-0.570714807603841
816.6502	PC	(20:0/18:1)	0.0660043687527803	0.0639633803643591	0.0595932857591501	0.0570260941299765	0.0707251884884504	0.071403411857179	0.066532362454094	0.438670142189388	0.569011480169865	-0.0720280064386886
862.635	PC	(20:0/22:6)	0.0436403845890685	0.03784750695413	0.0420703325301731	0.0395384558500248	0.0431949060319322	0.0404787935045751	0.0421287131898721	0.942948013027178	0.965345828063453	-0.00521483139165665
716.5237	PC	(11:0/20:2)	0.00477264811462298	0.0068677291690681	0.00695372563490676	0.00491947635469038	0.00478851997520947	0.00578147093958151	0.00512028738043116	0.277166372631484	0.419153356505858	0.266555315066543
744.591	PC	(16:0e/18:2)	0.00160950237051487	0.00228992027470438	0.00249914212693617	0.0031270747118571	0.00370243795656505	0.00401138347808989	0.00352344577759221	0.0125860430185297	0.0530150615188222	-0.751634157383117
798.6021	PC	(19:1/18:2)	0.00684395395682677	0.00473626766836	0.00511985123597932	0.00568288498689603	0.00549570253492843	0.0054030634052818	0.00544043991501449	0.933581866634731	0.961133775068842	0.0159404472438138
716.5601	PC	(14:0e/18:2)	0.00616864179775695	0.00657150158426587	0.00661474778859671	0.00623499837290437	0.00738770584336411	0.00658834192399978	0.00766474031354583	0.227983507230808	0.35861639276087	-0.111276813170623
772.5868	PC	(17:0/18:2)	0.0934476958305804	0.0797104564938499	0.080306955307506	0.0808377548845898	0.0837091245313801	0.0789576480067169	0.0823868014487261	0.573652322444321	0.6945060420604	0.0524336905308641
738.5081	PC	(11:0/22:5)	0.000426459784553461	0.000411315410473631	0.000409498673896844	0.00039705093764003	0.000390253870701256	0.00033329922836135	0.000375529410180772	0.0555048020939311	0.135155761030985	0.152576916127924
792.5914	PC	(16:0e/22:6)	0.139599691813255	0.166121386539685	0.181515589400885	0.174128252542769	0.180896803252319	0.167666183898744	0.188160180482141	0.338539266962082	0.473735143054083	-0.12988783511624
752.5253	PC	(14:0/20:5)	0.0176236684510677	0.0190088832715608	0.0188503670853852	0.0173262677724993	0.017050191193318	0.0159509114629309	0.0168399754228204	0.0356111533748059	0.0995677702865664	0.139321163982785
768.5914	PC	(16:0e/20:4)	0.0055889910394705	0.00715517479470378	0.00714586514929917	0.0108000207942027	0.0124006050700111	0.0134378570125766	0.0112149511998657	0.00111419036596274	0.0192086419091976	-0.851539436871843
806.5698	PC	(16:0/22:6)	0.352374282423577	0.3419262387623	0.36679647377864	0.319404902446573	0.317378664109637	0.302061218283777	0.310081065668099	0.0129915658849977	0.0530150615188222	0.179906212631824
786.6016	PC	(18:1/18:1)	0.857875933468527	0.721723346676063	0.749827873911321	0.726207597970528	0.799031660571001	0.644774978807476	0.79901350821137	0.566816248270605	0.690106788148674	0.0650221390397204
794.6072	PC	(18:1e/20:4)	0.0277807546618526	0.0353372230289153	0.0370591846849929	0.0374358208960678	0.0399981405582274	0.0391157076600353	0.0373448822905662	0.212207227059151	0.33874561060183	-0.204351003640498
702.5083	PC	(12:0/18:2)	0.00068777083222119	0.000670735582686209	0.000643345358990287	0.0004999714128466	0.000470057062446737	0.000476279002730168	0.00048082687880548	0.00103121127875212	0.0185188358809234	0.469915496174037
732.5555	PC	(16:0/16:1)	1.31105038293717	1.29151316496721	1.29905912614569	1.01709832937548	1.10172274517536	0.979376080443499	1.10912712628005	0.00370302393963426	0.0318907133909625	0.306208742212389
774.6039	PC	(16:1/19:0)	0.0636906466659919	0.0480304095098971	0.0477034828960832	0.0597180336271675	0.0596287171448344	0.062208644177613	0.0576639417163722	0.333201811642937	0.469435576753898	-0.170422801344791
856.5853	PC	(20:3/22:6)	0.0280360020379267	0.0158182229279044	0.0198130624701437	0.0171921155975381	0.0155949227394773	0.0179574237638163	0.0158878358567076	0.331541945372268	0.469435576753898	0.349368149458532
572.3367	PC	(10:0/11:4)	2.55260895875466e-05	2.37963612735813e-05	2.89118883449583e-05	4.86166871232647e-05	6.34314215058347e-05	4.27423895522217e-05	6.00686037422422e-05	0.00766752922403095	0.041831710070346	-1.04247950474832
830.6646	PC	(16:1/23:0)	0.00144664723136954	0.00129992664764588	0.00125486452180564	0.0014023265042483	0.0017520509087364	0.0015874975242471	0.00157479898034596	0.0444506475697321	0.115071849592945	-0.243608899178487
794.5703	PC	(17:1/20:4)	0.0320802672456316	0.031070280476133	0.0313223697590289	0.0284395815968091	0.028408627844155	0.0279519735252464	0.0281406832689427	0.00386201583659226	0.0320101697225243	0.157442614422597
768.5552	PC	(15:0/20:4)	0.00488739831002928	0.00401479607772895	0.00393720827036184	0.00499311710867094	0.00532026305457036	0.00455462770155034	0.00454166259626848	0.195449282955467	0.317881663976627	-0.181160040881001
724.4931	PC	(10:0/22:5)	0.000776364817754432	0.000830572359585447	0.000909190132865294	0.000784187717276728	0.000754548367331773	0.000605140382868684	0.000668207880723213	0.061532810182693	0.145717808729345	0.254602551806384
848.6141	PC	(19:0/22:6)	0.00257381507891704	0.00323955920458068	0.00286047407774282	0.00398142537166683	0.00569061234277288	0.00517163771188274	0.00627469515712914	0.01123376333112	0.0495423494719326	-0.868716899700826
550.3523	PC	(8:0/11:1)	2.71333203333852e-05	2.11397552450143e-05	2.95071022804553e-05	4.17537186964974e-05	5.19254986357829e-05	3.70318708220875e-05	5.23321978523349e-05	0.00797037167562586	0.0423380365862482	-0.819672918672105
750.5091	PC	(12:0/22:6)	0.00072695834250768	0.000733690370899108	0.000775821708885162	0.000762429374057057	0.000739303527825099	0.000529802087092481	0.000578812264582002	0.207258818247241	0.332461721099548	0.192019437091653
728.5253	PC	(10:0/22:3)	0.00972416962373765	0.0046980558835229	0.00542578569726556	0.00710171909698306	0.00614217112212478	0.00665115943079396	0.00620654418562002	0.959405552407251	0.977550338268381	0.0198940496120315
688.5296	PC	(12:0e/18:2)	0.000138026199880966	0.00016769836408187	0.000145769461120973	0.000194409986807071	0.000225484243064033	0.000245393838275916	0.000209588689272395	0.00469414107173269	0.03549429477047	-0.539335405982123
690.5076	PC	(16:1/13:0)	0.00117069180028378	0.00128968663489469	0.00119118576678084	0.000961639230344958	0.000890844543949637	0.000904655273065966	0.000911155957310352	0.00680666035688502	0.0416513959990447	0.408442430315183
804.5534	PC	(16:0/20:4)	0.020542312270599	0.0212309412568408	0.0199099135856586	0.0227784574643286	0.0268955799540995	0.0153124777069927	0.0254505396058287	0.486980909372393	0.615509595130502	-0.136999667125143
828.6501	PC	(15:0/24:2)	0.00115613346674435	0.00147892019516264	0.00144608527581672	0.00136572006599247	0.00162367346374766	0.00149628300398501	0.00148105855746139	0.336265158706521	0.472085613688959	-0.132932400474914
776.523	PC	(16:1/18:3)	0.0269074831314224	0.0245627516161579	0.0242611534163701	0.0216650222236449	0.0198600013503558	0.0224461701037125	0.0191890779969098	0.0130027562613672	0.0530150615188222	0.280034401660622
736.5308	PC	(12:0e/22:6)	0.00068491506542185	0.000885471647947989	0.000804904444291574	0.00107000607807977	0.00120460840301064	0.00145122146071045	0.00118915002534271	0.00712243743909922	0.0416513959990447	-0.63404543174776
850.6344	PC	(19:0/22:5)	0.00113343415360032	0.00119957288545312	0.00120512392959609	0.00132856841680546	0.0014816686191167	0.00136741699331377	0.00144400070974511	0.00330530032044146	0.0303103071938355	-0.252969899920803
790.5766	PC	(16:1e/22:6)	0.0154719491869632	0.0195850765433248	0.0169905668253634	0.0158203687696957	0.0166348838809537	0.0184823381521183	0.0184207254805196	0.994819311333648	0.994819311333648	0.000800056304034539
802.5376	PC	(16:0/20:5)	0.121532356853168	0.122249413599855	0.122445561489944	0.112499749978459	0.116656877294329	0.0918332960203126	0.112066029665267	0.0892540086442665	0.185116841616059	0.17322352403974
842.6663	PC	(16:0/24:2)	0.0053706614184782	0.00660444215450603	0.0063941560025424	0.00751671447746502	0.00873302079951069	0.00906134310951377	0.00795144827636459	0.00984615596636217	0.0471521469055788	-0.441566786661146
882.5977	PC	(22:4/22:6)	0.0286306871947453	0.0269378246810139	0.0310110334138804	0.0199984962438494	0.0200963348164179	0.0196544128782777	0.0199556396141908	0.0165404593455666	0.0604147286266035	0.534395601430989
688.4929	PC	(11:0/18:2)	0.000309801671514445	0.000484993914022856	0.000507116447863096	0.000321882445695387	0.000348942131393207	0.000335713965425833	0.000356811060200928	0.273261867203074	0.4176449105125	0.34851391336628
760.5864	PC	(16:0/18:1)	2.83398376838683	2.93423576370585	2.88784453625237	2.38888070730855	2.63631240573645	2.38848131081583	2.63934200007237	0.00922675089705527	0.0460477768015439	0.199192132429262
738.5459	PC	(14:1e/20:4)	0.00204281598996799	0.00307516142412163	0.00279405604413022	0.00365190155176931	0.0036453919401259	0.00409791009847349	0.00343460713875017	0.0550625083709535	0.134840574476596	-0.491342253651092
836.6179	PC	(20:1/20:4)	0.105067045158199	0.107074701159191	0.10750481561679	0.102334591907931	0.114439759733207	0.0914667224840999	0.109472695597309	0.701150571974154	0.816745666272595	0.0290003738187703
718.5758	PC	(14:0e/18:1)	0.00316972910169728	0.00422732741276561	0.00380102247552643	0.00385814851492871	0.00432201094042167	0.00455941795906884	0.00448905837322998	0.193246202903969	0.316688644302702	-0.206519708304707
824.6167	PC	(19:0/20:4)	0.00117892774362407	0.00118847325191713	0.0011437832127487	0.00145887566946061	0.00170225454814807	0.00159587221426275	0.00162064322025275	0.00239011831820997	0.0264138716704743	-0.446028756332242
810.6016	PC	(18:0/20:4)	0.0925964463769071	0.0882930259086357	0.0868764931249982	0.118653520105651	0.131681182143579	0.109125444330631	0.125390093230069	0.00427643614301289	0.0335117086843374	-0.441529100727359
