m.z	class	FattyAcid	nfur.NonD.2	nfur.NonD.3	nfur.NonD.4	nfur.PreD.Y.1	nfur.PreD.Y.2	nfur.PreD.Y.3	nfur.PreD.Y.4	pvalue	padj	FC
679.4583	PG	(15:0/14:0)	0.00253620878098634	0.00244366959709797	0.0022991267626916	0.0087923647426047	0.00868405002864131	0.00590622824893836	0.0145408466316826	0.0300463010683837	0.107929592673433	-1.96624103686131
865.5047	PG	(22:6/22:6)	0.00454073048844719	0.00459060450071898	0.00463827465937768	0.00538984943048589	0.00544833343833988	0.00359265153869991	0.00709148982870661	0.349379661330559	0.436471402995568	-0.229308724950002
867.5178	PG	(22:5/22:6)	0.000815013805274168	0.000901597927922248	0.000952307644359524	0.000637873725537119	0.000628531674171392	0.000378779450032756	0.000662142616440395	0.0115487185491759	0.0641836573380523	0.625070452380178
791.5844	PG	(18:0/19:0)	0.121572449129661	0.126616377977811	0.131644940596361	0.432465948440561	0.400583611500422	0.260070945343738	0.537954412531067	0.0160831697714314	0.0760237397103474	-1.68734547580601
775.5514	PG	(18:0/18:1)	0.0094325165759714	0.0115273937124324	0.0112882392947673	0.00828835495745445	0.00775304029470056	0.0060713057403826	0.00806623984851501	0.017642581838633	0.0768076037621297	0.510711705559329
867.543	PI	(16:0e/22:6)	0.0244463617346935	0.0202075471794445	0.0219278663464967	0.0177482094086014	0.0159632145518665	0.0215884471006718	0.0205056636486934	0.129294515839036	0.200453008369152	0.227861650428922
881.5194	PI	(16:0/22:6)	0.173376671908287	0.175641122927269	0.188495838186386	0.161411852268505	0.151771929822295	0.0868590375824508	0.136282567169923	0.0681354225592478	0.135328880751317	0.418230301062768
885.549	PI	(18:0/20:4)	0.281229464743996	0.296513063712951	0.309326715644327	0.19743836506754	0.196435644432426	0.240227780240608	0.220715220323513	0.00162240439631913	0.0357944068936217	0.46846860754966
861.5501	PI	(18:1/18:1)	0.0285958514901407	0.0229630508917989	0.0262109201393839	0.0162471563883421	0.0189630390414381	0.0165300830561012	0.0160989410910882	0.0191845912868554	0.0810223777447272	0.612128372470768
955.5359	PI	(22:5/22:6)	0.00150546448964579	0.00168192222263262	0.00181666341185553	0.00458165952855167	0.00437222983241975	0.00172510580423554	0.00271423256464947	0.0898720198729919	0.157753071647966	-1.0052980429435
889.5779	PI	(20:1/18:1)	0.00172459758980282	0.00143333407308308	0.00176574715804824	0.00238397061895564	0.00215032936932886	0.00148886650167511	0.00263665064433852	0.122176107533832	0.1920981752813	-0.399562405515159
909.5504	PI	(18:0/22:6)	0.406298817750592	0.388475527968634	0.38528453792239	0.319851990449707	0.317677047479839	0.2609426532031	0.299037565624314	0.00288794190896654	0.0465764717741743	0.393859541509615
855.5051	PI	(16:0/20:5)	0.0510919805867948	0.0605380695589052	0.0642134553436007	0.0676929084226742	0.0657414960435922	0.0327965597874664	0.0595237809759983	0.819616084451169	0.860871187652262	0.0545732388813254
911.5656	PI	(18:0/22:5)	0.113169697293732	0.110471979662637	0.116152884872333	0.116224731762354	0.115586746779183	0.0995129189578715	0.125473955912479	0.877310553431581	0.910551330744135	-0.0118571876578419
857.518	PI	(16:0/20:4)	0.0901760151434174	0.100043657685187	0.103989351537202	0.0948699265901468	0.0933833104166289	0.0760270511431716	0.0973277349990948	0.282208327155952	0.367467640496118	0.117452310999532
937.5818	PI	(20:0/22:6)	0.00266543283776139	0.00212044333015968	0.00231574731324567	0.00453990609327688	0.00491119978307789	0.00365378487493968	0.0038600122727459	0.00354645285790737	0.0493071348954219	-0.841294906273855
893.557	PI	(18:1e/22:6)	0.0232719898317309	0.017174692581377	0.0176192869896557	0.0261590888848173	0.024143650991001	0.0307915500186355	0.0304852213767701	0.0253754351076862	0.0976501118876139	-0.527269838848148
935.5656	PI	(20:1/22:6)	0.00783759524035005	0.00890534196099547	0.00914342630162494	0.0119853675280777	0.0117030462179539	0.00534745995359127	0.00788034380700803	0.73714728737081	0.79229546348334	-0.0970249297383643
937.5823	PI	(20:1/22:5)	0.00169264333940453	0.00183802735106975	0.00192386315517722	0.0034788223230547	0.00331615368235437	0.00134320147427982	0.0024568924752802	0.188063111465823	0.26928638219857	-0.542827802398804
905.52	PI	(18:2/22:6)	0.00270260282372622	0.00261443344211045	0.00255879194903979	0.003532898516678	0.00346367763849676	0.00311784179347405	0.00300855791680336	0.0107180023111843	0.0641836573380523	-0.321553865158827
869.521	PI	(17:0/20:5)	0.0108881776935284	0.00967766247967075	0.0102811366569896	0.010579554006086	0.010650200960346	0.0118565783510539	0.0118818372264195	0.116543647552967	0.186729784740998	-0.128737587824651
929.5202	PI	(20:4/22:6)	0.00212749558770112	0.0021244648540292	0.00219400301819799	0.00413194928523395	0.00415665649666263	0.00290724901602513	0.00334319557340496	0.0165816745483639	0.0760237397103474	-0.75842762701363
871.5345	PI	(17:0/20:4)	0.0112057286521206	0.00949055412050199	0.00965402920467113	0.00887601529172386	0.00894742259153374	0.0157257754168322	0.0113119908907799	0.555727363871532	0.640423780290456	-0.14871950100977
913.5841	PI	(20:0/20:4)	0.00416099404874724	0.00381114365474843	0.0040943944631796	0.0045752556856066	0.00498110992508359	0.00512811812405043	0.00518731380284743	0.0029288790114676	0.0465764717741743	-0.30467376504011
939.5976	PI	(20:0/22:5)	0.00130851400575294	0.000999817769151379	0.00107480944518616	0.00229769144383843	0.00271251417172012	0.00202103395924994	0.00257514960980459	0.00113994744809554	0.0336359859420433	-1.09059335873426
903.505	PI	(18:3/22:6)	0.00192978855137727	0.000858225338282411	0.000991944304907635	0.00193927084205274	0.00179154227826346	0.00335363075566199	0.00235416909580375	0.0750826483932348	0.143908242334614	-0.905167089500399
814.5633	PS	(20:1/18:1)	0.00914545326021984	0.00608410871515061	0.00814884041817555	0.00695193885695653	0.00820762407090426	0.00799221455822439	0.00907190001854843	0.810067688991332	0.855733269498196	-0.0479073067241333
768.5217	PS	(18:3e/18:1)	0.00354543812584327	0.00391363785016496	0.0040143240179327	0.00311474124347251	0.00264258429181882	0.00286754279928633	0.00410659355145418	0.142100945898713	0.216415221492387	0.264932392291082
758.4991	PS	(16:0/18:2)	0.00515314216850283	0.00380492018902825	0.00435823322756078	0.00436383717477871	0.00414043350562831	0.00588781733708067	0.005122730480768	0.466763947806498	0.554638186434978	-0.136339745663266
788.5447	PS	(17:1/19:0)	0.0337644580085528	0.0327176764027338	0.0297579530361548	0.0483953871346034	0.0354363315451882	0.038627334537774	0.0420172252920414	0.0400405424114274	0.113536011706087	-0.358132169361922
820.551	PS	(18:0e/22:6)	0.0121771611080613	0.0197302061237692	0.0162083256340137	0.00731624016193237	0.00528196198735804	0.00268626894787663	0.00380428102474364	0.0205551297952657	0.084373913731043	1.74882220964427
780.4844	PS	(16:0/20:5)	0.00292994781476728	0.00374508892567165	0.00381309602325881	0.00383553128223102	0.00363697516351311	0.00222310798059144	0.00382149260723726	0.81782779882794	0.860871187652262	0.0490089370666411
790.5058	PS	(16:1e/22:6)	0.00634922564976508	0.00888889596324517	0.00660304137141129	0.00567801546648458	0.0046108090698951	0.00417133858578004	0.0049128525438757	0.0786029261610073	0.146657407685689	0.588038631314059
904.6087	PS	(22:6/23:0)	0.0648614673382195	0.0922761674968425	0.0876974564263083	0.0934983189436864	0.071697689376132	0.0355242458270743	0.0600420003171052	0.317369980773797	0.402313122686784	0.3241127945281
760.5144	PS	(16:0/18:1)	0.0632921721519037	0.0519224904884099	0.0569676633889803	0.0558477376352775	0.0581068763370088	0.0509635272625698	0.0688661502482735	0.842020608181559	0.876596333638289	-0.0262034335157679
852.484	PS	(20:5/22:6)	0.0010028820021466	0.00232262060425552	0.00171254232502119	0.000131948893128657	0.000202850570909635	0.000213224936954011	0.000107963360823625	0.0572538184518795	0.124001988707337	3.35616068285478
810.5308	PS	(18:0/20:4)	0.0106709532415263	0.0104056939661469	0.0104310633334015	0.00899959701572395	0.0093999302583289	0.014398800016366	0.0110574608531232	0.732611558736992	0.789388954539109	-0.0620248377455426
842.5347	PS	(20:3e/22:6)	0.00918091000104496	0.0142422649287467	0.0118658566656572	0.00807806129479953	0.00668826778918112	0.00618253330923158	0.00764537716316852	0.0768497765239369	0.144826569822285	0.718532800786932
838.5607	PS	(20:1/20:3)	0.00681215296915069	0.00717310925514806	0.00707445023632796	0.00917013253104716	0.00913483550426459	0.00746356375423433	0.0100015711147758	0.0338219712898914	0.110169704822045	-0.349231030820251
786.531	PS	(18:0/18:2)	0.0173269467398197	0.012828143530939	0.0136491574795735	0.0156775651091294	0.0169528090092401	0.0256944620032698	0.0213424756651349	0.106535010007579	0.173926474671464	-0.447879619143373
876.5759	PS	(22:6/21:0)	0.817313218501354	0.97457380499848	0.918093017768478	1.01792946718181	0.755843094964314	0.616056045050993	0.752218916005774	0.279549010891628	0.365107950588763	0.201614724155047
864.5775	PS	(20:0/22:5)	0.0190488142179199	0.0143080149844427	0.0159921429432534	0.0225943600563281	0.026420943585098	0.0241725671912154	0.0255018588129051	0.0107554702379397	0.0641836573380523	-0.584842419984974
664.4208	PS	(11:0/16:0)	0.0086836555036668	0.0106191486021904	0.0100998930511256	0.0120917975012476	0.00964056646834293	0.00632846453838048	0.00928887599650011	0.741296860285941	0.794773499460797	0.0698891721123347
782.5009	PS	(18:4/18:0)	0.00103307356124349	0.00070629865317717	0.000755273879011496	0.000687535481794911	0.000663638602907445	0.00139008967208481	0.00100566770777638	0.619954055991483	0.6940264886554	-0.171836930108727
812.5453	PS	(18:1/20:2)	0.0172829070751993	0.0209027341206628	0.01799985947536	0.0229797773135116	0.0193516707237982	0.0189203257278488	0.0253994151626829	0.183754255307336	0.265572811127699	-0.209984171176709
804.5759	PS	(16:0/21:0)	3.37521166510984	4.48635643730345	3.97116827632934	5.09348309410837	3.83929972800523	3.00632321238977	4.58833512061931	0.750152478707731	0.802272253903306	-0.0670421361792431
844.6106	PS	(18:1/22:0)	0.0235280787573023	0.0264969460855139	0.0238409622328569	0.0264746612086352	0.01966096504263	0.0211583304655544	0.0244311627787619	0.395798158458657	0.483254975341873	0.102630822675059
836.5452	PS	(18:0/22:5)	0.253954826872965	0.26759304553236	0.268820908196128	0.259921050201049	0.272738589744124	0.269881509306413	0.297485090743442	0.273122196845022	0.359428600230098	-0.0619025718747964
832.6096	PS	(16:0/23:0)	0.705244137633732	0.948390085582529	0.805302679607699	0.970481274932076	0.742429778832238	0.698592963316944	0.918908458611742	0.899029695073345	0.92477756223535	-0.0226286532912466
840.5165	PS	(20:4e/22:6)	0.0247643641530108	0.0346524163790276	0.0305192136736369	0.0297805494429648	0.023214323113081	0.0201276450478929	0.0268053252445824	0.233215791060536	0.314307368595133	0.26304941487568
782.497	PS	(16:0/20:4)	0.0143130929465169	0.0140994544544645	0.0136871244502624	0.0196552789541597	0.0189977069206254	0.0174257420523116	0.024896009997629	0.0304100865648857	0.107929592673433	-0.528625406306285
858.5269	PS	(20:2/22:6)	0.0835856647016946	0.104926605586957	0.0948746645353198	0.151116506753207	0.127301768932066	0.0882079203598022	0.146671102797479	0.0957167647812715	0.163058994548332	-0.441983923040847
744.5215	PS	(16:1e/18:1)	0.00951272034525718	0.0157265831584175	0.0179295230514847	0.0018419329607064	0.00243604987401734	0.00181629195584182	0.00260292034719047	0.0392551617631927	0.113493303068209	2.72640526713483
820.5151	PS	(17:0/22:6)	0.0418746399624839	0.0335518311914302	0.0321501481439757	0.0337183434060194	0.0342922811861833	0.0417628565619178	0.0423288399649507	0.600606502744587	0.679426253760937	-0.0846401132071248
834.53	PS	(18:0/22:6)	1.24746064600991	1.2807432198705	1.27542453146374	0.855952235017337	0.911278492048085	0.785980901462949	0.905676475200221	0.000304111214178123	0.0215945736635247	0.552105462783262
748.5151	PS	(19:0/14:0)	0.0792729558095568	0.100382727780803	0.087609441200527	0.109148754310142	0.0785776674899803	0.0307284320744918	0.0689099822634905	0.377648414500511	0.46372212720718	0.31042555814828
788.548	PS	(18:0/18:1)	0.0777963485475813	0.0574163679420151	0.0636033440679506	0.0715326088911398	0.0768265279604452	0.0916317563821918	0.0858381388438903	0.113489372078057	0.183198199871321	-0.297643353651142
878.4949	PS	(22:6/22:6)	0.0123231133272956	0.0136657268785075	0.0115788963144317	0.0151001798691272	0.0119783254424549	0.0118520857303687	0.0141486966369896	0.493376257914069	0.577840128154793	-0.0836173153586217
806.4988	PS	(16:0/22:6)	0.433043995160608	0.481317784414166	0.512071303165989	0.335626025943571	0.325668950087345	0.204374692500334	0.323089027522963	0.00589575150613543	0.0576157801410734	0.67799367285706
822.5308	PS	(19:0/20:5)	0.080061264451105	0.108639150049608	0.0980986548107221	0.0782996219869552	0.0566919807572689	0.0244808219109199	0.045364638558733	0.0249978385471382	0.0970636794037529	0.900601061484866
732.4848	PS	(18:1/14:0)	0.000912987826011896	0.000784934268150747	0.000911322035476638	0.000814560370940437	0.000729326174888193	0.00116572965453635	0.000946409179583581	0.692183455081906	0.761048645766075	-0.0716066524087301
906.6242	PS	(22:5/23:0)	0.0179426647703376	0.0259399191228478	0.0247719476182195	0.0397411316711765	0.0296274606894709	0.014784242584699	0.032750424803446	0.334598565610733	0.419220877262284	-0.352850806422309
874.5613	PS	(22:6/21:1)	0.0642530761873873	0.0657913158144737	0.0643812087375015	0.0818641363236891	0.0576846818245681	0.0668104745996712	0.0677798042895897	0.510454437628421	0.593007715951076	-0.0806524006898282
886.6576	PS	(20:1/23:0)	0.00755753423730803	0.0112804480670708	0.0101649918601545	0.013591454725428	0.0104771794605912	0.0066282473906641	0.010648546553484	0.726146739720878	0.788335629268762	-0.096489457771869
856.5112	PS	(20:3/22:6)	0.251098722600858	0.280790584583757	0.263577380663281	0.381799165086721	0.345722607343814	0.260961365719399	0.379918650747555	0.0678391215590892	0.135328880751317	-0.367580975481266
884.5434	PS	(22:3/22:6)	0.0171022585971033	0.0155726547733705	0.0162483581961381	0.0193663569823116	0.0225862510438965	0.0155896204667694	0.0201487710018031	0.118186281826987	0.188660323953449	-0.252189090662573
810.529	PS	(18:1/20:3)	0.038800454334362	0.0368756226843006	0.0355279742928488	0.0492927099229667	0.044338624306043	0.0471172825157789	0.055975157351684	0.0115126312116451	0.0641836573380523	-0.407924470459083
774.5306	PS	(16:1/19:0)	0.11428367954315	0.126201968747234	0.117840926498222	0.146272805133294	0.106068452262844	0.0715852880246562	0.104423323439547	0.483456567867884	0.569155915851239	0.157522895447709
816.5188	PS	(18:3e/22:5)	0.0242961790919721	0.0336216421486959	0.0303559384162135	0.0306286779644769	0.0241900271674075	0.0188767927038319	0.0344638625715692	0.611116402154335	0.685914503459683	0.121935523588431
830.496	PS	(18:2/22:6)	0.147047286955779	0.196995027321727	0.176594309514209	0.281147648362199	0.215701380116163	0.123302743238479	0.248850570511511	0.303162006384359	0.388877454618032	-0.324045765663334
846.5286	PS	(19:1/22:6)	0.00632042166467702	0.00704607856134966	0.00628573968672978	0.00479264234759766	0.00458738273607839	0.00287203130484091	0.00438135643117168	0.00648141566169807	0.0576157801410734	0.65564704679002
860.5424	PS	(20:2/22:5)	0.0155647662775805	0.0196740644425873	0.018026698511539	0.0278108280608496	0.0228651567415619	0.0197623539266396	0.0298858128203304	0.0432618841366356	0.115147245088706	-0.498357355398805
854.4951	PS	(20:4/22:6)	0.0425336794246567	0.0485480501244299	0.0457534440326895	0.0489354693436392	0.0460688755073213	0.0368990681040724	0.0484805818832678	0.882242213170268	0.911861855818671	0.0164052865712086
858.6252	PS	(18:1/23:0)	0.131946709090316	0.159724029050391	0.155250851242589	0.200484522967312	0.152017029825515	0.111527973884423	0.171271767152419	0.655799961569515	0.728478823289848	-0.092381719500277
828.4804	PS	(18:3/22:6)	0.0673671052777651	0.0786881556975963	0.0785968942459169	0.0666906330099643	0.0658789098886555	0.0393016490539892	0.0663796273263536	0.110699070356297	0.179571842791206	0.33024922666048
838.5605	PS	(18:0/22:4)	0.0131758825139172	0.0130587800986654	0.0135195367514875	0.0105921003474462	0.0119313356843998	0.0200975082950045	0.0137971035204811	0.71254682205471	0.779401304987608	-0.0900119830354666
832.5141	PS	(18:1/22:6)	0.171765305286601	0.181896692644113	0.182642473942768	0.124138064230407	0.123771400998636	0.100216186156697	0.1203135154473	0.000350723934210378	0.0215945736635247	0.610228075762321
822.5654	PS	(18:0e/22:5)	0.0030861378430759	0.00551796599072144	0.00415451467164829	0.00252115042074104	0.00169730624695548	0.00101919663685139	0.00145319886311949	0.0486900661099368	0.115607202046084	1.3462477490053
808.5153	PS	(16:0/22:5)	0.0517020085244	0.0574908433565914	0.0601514320008624	0.0741372346191209	0.0697838257154138	0.0523602894144989	0.0781613906956201	0.120737585853554	0.191661405082534	-0.281508388071238
814.5014	PS	(18:3e/22:6)	0.13301660012898	0.177693605827058	0.160904859809725	0.181104201330508	0.142683630941708	0.0933467206987657	0.167205258748595	0.653617250838869	0.727930323285665	0.105839720249534
862.5624	PS	(20:0/22:6)	0.110820273825498	0.0852349503732138	0.0950041902769904	0.102096642747154	0.114191837568614	0.086886272177631	0.101642422991719	0.676403272633616	0.747512334628432	-0.0609193192683876
816.5775	PS	(20:0/18:1)	0.107383862028946	0.113141684287501	0.100805904172352	0.145314076431334	0.110622613664446	0.11149153678417	0.128809393761726	0.131449525903672	0.203063604532195	-0.211931421056918
894.7556	TG	(16:1/16:1/22:5)	0.140980382608676	0.163293071327287	0.143125465565937	0.814990428842754	0.326316736038033	0.414019745669893	0.857178751741598	0.0442073045159982	0.115147245088706	-2.01586115188617
796.7419	TG	(16:0/14:0/16:0)	0.014684252126318	0.0171949720010259	0.0157970999489061	0.0643311509944335	0.0353600528150692	0.0239636741574699	0.0545353876317162	0.0511758636662929	0.119640849242815	-1.48703611536208
858.7568	TG	(15:0/18:1/18:3)	0.00535020537592584	0.00401350842285874	0.00363670043005623	0.036920116223564	0.0134603286372696	0.0382004944360504	0.0626752472898505	0.0444755311416795	0.115147245088706	-3.12532715521479
918.8525	TG	(15:0/20:1/20:1)	0.000413893271889189	0.000491336070396452	0.000489180532478033	0.00375363938578734	0.00114384340965613	0.00145973808287722	0.00292996637822316	0.0568304523560353	0.123706691744703	-2.32054953351868
920.77	TG	(16:1/18:1/22:6)	0.11587477657429	0.1184412930901	0.105315531447811	0.616961769281529	0.229918704513928	0.344629879980885	0.598638743827657	0.0393461571372098	0.113493303068209	-1.98299964593937
830.7258	TG	(15:0/16:1/18:3)	0.00177168627617924	0.00148092752591526	0.0011690765790786	0.0144084452862978	0.00514801337468474	0.0102728955481754	0.0214224788410921	0.0456167720733361	0.115147245088706	-3.11989619269096
880.7388	TG	(18:3/17:1/18:3)	0.00618029546901155	0.00614902173568758	0.00519640203659298	0.0318134453560061	0.014393013439484	0.0193354220689229	0.0405176918943752	0.0397369625226086	0.113493303068209	-2.18229178509928
832.7416	TG	(16:1/16:1/17:1)	0.0035471669305484	0.00303481959595568	0.00283530859653164	0.0254984878261459	0.0090023327683005	0.0186405023556335	0.0344515803093997	0.0397621549032471	0.113493303068209	-2.80239184150347
1004.8652	TG	(18:1/22:1/22:6)	0.000714852854175181	0.0011110175380448	0.00100975006213124	0.00845487810295367	0.00231194454266475	0.00162637599033355	0.00451634072058817	0.122230136873014	0.1920981752813	-2.16106351266154
996.8035	TG	(18:1/22:5/22:6)	0.0373310643493801	0.0401517381472593	0.0415049328035967	0.0903434012715178	0.0382740179600977	0.0237835015998643	0.0537161850927809	0.468418329146942	0.554638186434978	-0.37761386675459
940.7353	TG	(14:0/22:6/22:6)	0.0081676791444062	0.00846541611618278	0.00658759093526787	0.0486179344534018	0.0180041144649383	0.0217290537417862	0.047641580970569	0.0488178904231722	0.115607202046084	-2.13500902657303
958.8823	TG	(18:1/18:1/22:1)	0.000394791115648824	0.000568494247888314	0.000526181903158155	0.00438194428537148	0.00118682959553849	0.0010736086761324	0.00253671649188582	0.10162961633663	0.16948799292939	-2.20851863873273
790.6945	TG	(14:0/14:0/18:3)	0.000875603543787287	0.000963984084950271	0.000735527268676432	0.0095650216022817	0.00342574159667109	0.00314083573409417	0.0107540060843651	0.0608856170635973	0.128767441936321	-2.96908772870026
938.8209	TG	(17:0/18:1/22:5)	0.00164691488688686	0.00165505903032203	0.00157444916733136	0.0100709050681666	0.00322579487136761	0.00543705119441872	0.00892118724784046	0.0438115117725061	0.115147245088706	-2.08860442177771
888.7069	TG	(18:4/14:0/22:6)	0.00469746784504871	0.00696041931854086	0.00469106606622627	0.0458327849602159	0.0182100292685331	0.0147895872148256	0.0467626571750673	0.0568138623634893	0.123706691744703	-2.52647203229327
948.8033	TG	(18:1/18:1/22:6)	0.0355420921795872	0.0351114114068101	0.0343021900773163	0.158378800263424	0.0568709701274553	0.075443569614275	0.130043928941027	0.0586551942835132	0.125461976737314	-1.58810168610026
890.7218	TG	(14:0/18:3/22:6)	0.0105019188732404	0.0119844778026755	0.0082217189741578	0.0915382793267287	0.0334819153469098	0.0431836174075603	0.115374707095073	0.0527419056986886	0.119640849242815	-2.79201886287629
944.7667	TG	(18:1/18:3/22:6)	0.0886432484453295	0.0920192634497807	0.0792268148040347	0.457550614282466	0.165432553520777	0.235935171757627	0.444653384376214	0.0475003654589488	0.115147245088706	-1.91146317381407
902.82	TG	(18:1/18:1/18:1)	0.0149279262443173	0.0167833445676261	0.0160694594417116	0.113633418996245	0.0346343625212991	0.0591963251329162	0.0942423079038505	0.0433479114869476	0.115147245088706	-2.24360706213753
912.8018	TG	(16:0/17:0/22:5)	0.00357517118727982	0.00313933373177162	0.0030477761011637	0.0204085131057145	0.00663264926719924	0.0151929342020015	0.0226016888092921	0.0353629261212017	0.112069273222338	-2.31646262566631
908.8665	TG	(18:0/18:0/18:0)	0.0172025882717144	0.00814491433430895	0.00698289186246606	0.0263366099530468	0.0299021703299735	0.0121816007601195	0.0260931078341355	0.052374317356242	0.119640849242815	-1.13259163471219
848.7712	TG	(16:0/16:0/18:2)	0.0579315228123225	0.0704430655743974	0.0621655558523085	0.398701989082593	0.143506344523614	0.18086408066941	0.336840348985805	0.0456531200760057	0.115147245088706	-2.06074113729218
926.8199	TG	(20:1/18:1/18:3)	0.00538627271668358	0.00659697244892026	0.00594401067257197	0.0366427591858772	0.0104255716126499	0.015771483372019	0.0269297085388062	0.0667580206217052	0.135083130929366	-1.9090335563895
1040.7729	TG	(22:6/22:6/22:6)	0.0142268936870605	0.0152107808044966	0.0157529471981474	0.0187470234254385	0.00755139606697579	0.00505284209865801	0.00929357266694333	0.199639234508296	0.282113147780576	0.567988898559577
904.8366	TG	(16:0/18:1/20:1)	0.00686055717840224	0.00999523133825116	0.00886618193777166	0.0714891272240807	0.0203748288378421	0.026192767637026	0.0480586319372144	0.0655189245783444	0.133201209873898	-2.27607487138205
874.7881	TG	(18:0/16:0/18:3)	0.0391779167221313	0.0414428975244256	0.0382477404493667	0.280103025902512	0.0977348628262466	0.166901713889089	0.26464094817387	0.0321999125012444	0.109017753233476	-2.35241356531642
936.8035	TG	(18:1/17:1/22:5)	0.00525259474523415	0.00473697401998137	0.00456931612372269	0.0280696368011061	0.00948605791061015	0.0160110563931339	0.0249689572072667	0.0397051345983575	0.113493303068209	-2.01641140370669
872.7714	TG	(16:0/18:1/18:3)	0.0507350379069488	0.0390856130582861	0.0367987744084148	0.318265110407063	0.114053647465934	0.279866125175094	0.417102916558697	0.0315640239182402	0.109017753233476	-2.74180504676329
992.773	TG	(20:4/20:4/22:6)	0.00792562884737702	0.00597980518130197	0.00623910538864933	0.0146384997243493	0.00656014820229707	0.00566808446530009	0.0118355552328128	0.264346493555141	0.349488769086705	-0.5269925245673
836.7731	TG	(16:0/16:0/17:1)	0.00941876956766375	0.0102042305635748	0.00979489734089285	0.0558406039907959	0.0202981573071022	0.0348710955187984	0.0577628070979152	0.0362554906571192	0.112622881416448	-2.10527770610092
878.821	TG	(18:0/16:0/18:1)	0.0104819443580204	0.0129678444649035	0.0114177377805089	0.0681193208257333	0.0217955590234858	0.035771287224763	0.0502049121337832	0.0466958746329235	0.115147245088706	-1.91968888275485
864.8053	TG	(16:0/17:0/18:1)	0.00223370656597048	0.00202133304973858	0.00207348574740946	0.0125063528611169	0.00411258940494161	0.0114365137150284	0.0144256304412891	0.0325393598224039	0.109017753233476	-2.33184188783693
854.724	TG	(15:0/14:0/22:6)	0.0027191964494796	0.00322414815303448	0.00244585549481901	0.0214325792434124	0.00825815922807306	0.0111409603132119	0.0283117452948752	0.052093616209505	0.119640849242815	-2.62794980501855
970.7881	TG	(16:0/22:5/22:6)	0.0517962769145874	0.0639082725090978	0.0685533985473845	0.148963056392136	0.0600553311475079	0.0403910448338189	0.102529285145439	0.354011690742782	0.440979880665141	-0.518559886108682
982.7877	TG	(17:0/22:6/22:6)	0.0103924931131773	0.0110147453807104	0.010626150968261	0.0347797913864372	0.0135709820345458	0.0125854455994773	0.0262278678705848	0.128246434355806	0.199545896055424	-1.0291198847087
768.7104	TG	(16:0/14:0/14:0)	0.00394296890485389	0.00527411623948539	0.00465061565202432	0.0267152324262785	0.0139849210439218	0.00784223866524592	0.0245753638813218	0.0541968467441965	0.121660629930983	-1.98345568048729
1024.8348	TG	(20:0/22:6/22:6)	0.00271489772188085	0.00420192265056492	0.00410838755906224	0.013600747750834	0.00450696336133533	0.00197255867030354	0.00665337739781938	0.316614128821672	0.402313122686784	-0.862813308936683
876.8045	TG	(16:0/18:1/18:1)	0.0476291101590905	0.0604516374145145	0.0527113453382239	0.322866611637756	0.101079613331012	0.181248636812866	0.268465572466661	0.0427161972926999	0.115147245088706	-2.02683869435505
864.7069	TG	(18:4/16:1/18:3)	0.00476703958059069	0.00502308971713933	0.00345425839845719	0.0438106154801913	0.0168600013608722	0.0217525335929467	0.0565480203200543	0.0473546940889426	0.115147245088706	-2.97629507812758
932.8676	TG	(16:0/18:1/22:1)	0.00145036408259961	0.00206377006914383	0.00182989568109323	0.0145747147494418	0.00440376398869957	0.00376656541678863	0.0090779712252506	0.0900400362538273	0.157753071647966	-2.15903307826311
994.7861	TG	(18:1/22:6/22:6)	0.0599035006799731	0.0635230314198428	0.0597607005303891	0.193499084505956	0.0805985007263863	0.0880133919361663	0.16097923962479	0.0861396734735113	0.152782713033265	-1.09870333143699
934.7884	TG	(18:1/17:1/22:6)	0.00819228106072756	0.00818750026445438	0.00762406072280865	0.0393650803590378	0.014353431535114	0.0216260872858267	0.0366416827866172	0.0443924769673106	0.115147245088706	-1.80694727059299
822.7574	TG	(16:0/16:0/16:1)	0.0386686048401704	0.0533168975727159	0.0455784921504308	0.267853615505176	0.0988872076366795	0.0941232985643167	0.220417811371363	0.0645583627273261	0.131870399694206	-1.89311153479515
922.7882	TG	(16:0/18:1/22:6)	0.0854544710545839	0.0950769748527432	0.0957760287318121	0.369397974268945	0.143883920344554	0.146099627313692	0.29194765863472	0.0795888392449395	0.14785685221797	-1.36863254171355
842.7255	TG	(18:4/14:0/18:1)	0.00936074049780101	0.010091934389268	0.00772563411253695	0.0736172153396316	0.0288716382570693	0.0322001030673129	0.0824162548652328	0.04668851294649	0.115147245088706	-2.58282925711449
896.7732	TG	(16:0/18:1/20:5)	0.07104931548609	0.0853233044743221	0.0841694535826767	0.346825606226478	0.130728637719821	0.166747042407908	0.324611840068714	0.0588012048745647	0.125461976737314	-1.59504055906296
914.7265	TG	(18:4/16:1/22:6)	0.00280731539762411	0.00436871979270641	0.00348387384501981	0.0142072115733402	0.00586335674938743	0.00241620216163279	0.0107048064623087	0.165039167806939	0.241945174574118	-1.22358454771306
868.7423	TG	(18:4/16:1/18:1)	0.0455744903710702	0.0524460391954608	0.0468358108793948	0.285939987802635	0.110843804743843	0.14451373373992	0.309560186172993	0.0455540207376216	0.115147245088706	-2.13925755968796
900.8032	TG	(18:1/18:1/18:2)	0.0173828358011496	0.0157042115010007	0.0157678560320859	0.120976503113393	0.0397353711212212	0.0900215289585673	0.135979995264115	0.0323489668104813	0.109017753233476	-2.56965198004496
930.852	TG	(20:1/18:1/18:1)	0.00168364667512067	0.00233833053975582	0.00216692468318663	0.0196543951728522	0.00538780224122865	0.00552671892882933	0.0116559243443617	0.0857139686890273	0.152782713033265	-2.35529912182918
684.6166	TG	(12:0/12:0/14:0)	0.000981265730364505	0.000877810127025369	0.00142807661775309	0.00387725744345672	0.00252240477572109	0.00164720229566429	0.00403509239289836	0.0383106255449147	0.113493303068209	-1.46290636406655
766.6942	TG	(16:1/14:0/14:0)	0.00150585931031969	0.00214920213594599	0.00201059144572771	0.0146337199145376	0.00585531351385653	0.00300110452182068	0.0136482584669108	0.0817066843082624	0.150544887908556	-2.29755990145896
964.7399	TG	(18:3/20:5/22:6)	0.00524281548012166	0.00435421491355951	0.00402507775704906	0.0171935335107803	0.00721755549376992	0.00663887312246643	0.0173777441475771	0.0845400132365058	0.152455002949515	-1.41484518220376
656.5848	TG	(12:0/12:0/12:0)	0.00057087677028503	0.00051334438552778	0.000961774899526307	0.00243080766119438	0.00154894592465125	0.000884685846742208	0.00234163125915197	0.0479467829337725	0.115447281812603	-1.40137194184729
862.6923	TG	(18:4/14:0/20:5)	0.0016981098481229	0.00297457672970456	0.00198978405506129	0.0214906115854959	0.00813039473114494	0.00600798291109151	0.0222622634441151	0.0645168327797566	0.131870399694206	-2.70417870135428
968.7727	TG	(16:0/22:6/22:6)	0.0594461800378983	0.0788093143991832	0.0769125559248215	0.195631404416806	0.0791830812273197	0.0555893793566525	0.142862435636666	0.238508730745555	0.319112411599195	-0.722150825551999
890.8215	TG	(17:0/18:1/18:1)	0.00287563148375465	0.00299099200874909	0.00284920019529131	0.0214353212002324	0.00646570892195867	0.0152121632228333	0.0211023379311282	0.0329779873490294	0.109017753233476	-2.46617585530028
838.6927	TG	(18:4/14:0/18:3)	8.64826541040142e-07	8.95715530092696e-07	2.19665144340132e-06	1.56770078922473e-05	0	2.7521083830624e-06	1.8804705710127e-05	0.184652656908524	0.265572811127699	-2.81902669181617
908.7704	TG	(16:0/17:1/22:6)	0.0263466120342752	0.0266630891398427	0.0241799000600394	0.130140727408966	0.0507454756039816	0.0749796644840373	0.131534351265513	0.0389731540138311	0.113493303068209	-1.91230885946285
850.7894	TG	(16:0/16:0/18:1)	0.0500142647990338	0.0668642338713461	0.0579148272998842	0.268609862586261	0.0935352978085883	0.133780306487734	0.213918074500209	0.0552560917866274	0.122759667835239	-1.60681347157196
844.7408	TG	(18:4/16:0/16:0)	0.0281357568831976	0.0237651023692252	0.0206869043290758	0.189174076108165	0.0716682781113564	0.114556014474688	0.225801835395295	0.0363215325217778	0.112622881416448	-2.6350097269469
972.8019	TG	(16:0/22:5/22:5)	0.019037051618869	0.0219175260054909	0.0219134684397285	0.0772790596200876	0.0272599348202904	0.0302633030761643	0.058919913033052	0.105113558907291	0.172915816370391	-1.20855304132016
862.7882	TG	(16:0/17:1/18:1)	0.00996437038986567	0.0101997809838221	0.00968799667135247	0.0671836882810975	0.0221877197920148	0.0489515483851556	0.0731495283117003	0.0331353263888291	0.109017753233476	-2.40952581241765
816.71	TG	(16:1/14:0/18:3)	0.00283616901104961	0.00238986435458883	0.00188043793535398	0.0226644318061989	0.00891320398909715	0.0111028000169694	0.0280682416483761	0.0442170617811048	0.115147245088706	-2.90046040346693
860.772	TG	(16:1/17:1/18:1)	0.00681523390152622	0.00595883943499409	0.00568061640037042	0.0456897793695931	0.0162206692199378	0.0386835926392948	0.0592950629073639	0.0328304309983007	0.109017753233476	-2.69997474035618
884.7721	TG	(15:0/16:0/22:5)	0.0101854242978392	0.00934102857532209	0.00856275923997043	0.0632946143050985	0.0227672214365676	0.0547012884613566	0.0891565646106226	0.0389980197115316	0.113493303068209	-2.61800445165873
792.7098	TG	(16:1/14:0/16:1)	0.00303327934863262	0.00418133273928029	0.00361943968664407	0.0282791466516048	0.0109317310894272	0.00665388873062424	0.025270251357691	0.0751261125876757	0.143908242334614	-2.2999495444595
998.8188	TG	(18:1/22:5/22:5)	0.00723509262178684	0.00849634230148314	0.00844067960113808	0.0296817962402057	0.0107931233071444	0.00867071454394979	0.0191471422317109	0.155016766418249	0.232795213680367	-1.08335180358534
978.8506	TG	(16:0/22:1/22:6)	0.00198552024728337	0.00298567028938643	0.0025548885789277	0.0157695026035062	0.00494520725813329	0.00425724151397201	0.00976540809181562	0.102243336801952	0.16948799292939	-1.79148023314154
656.5851	TG	(18:0/8:0/10:0)	0.00142855910381136	0.000703999874787642	0.000695511327275081	0.00301428368503888	0.00351964921493755	0.0019243610777455	0.0036818916241736	0.00748528359057821	0.0586574041370765	-1.68686308760243
824.7739	TG	(16:0/16:0/16:0)	0.0193489513527421	0.021009622910722	0.0204715909719884	0.0512335007461751	0.0285098667263564	0.0268845084035032	0.0425203319795378	0.0609479307540824	0.128767441936321	-0.878850315093406
954.7498	TG	(15:0/22:6/22:6)	0.00357889847547022	0.00370040507456506	0.00319874621781207	0.015457698149125	0.00541787777307865	0.00944147194780609	0.0168850816366521	0.0525604728900666	0.119640849242815	-1.75644422889158
818.7258	TG	(16:0/14:0/18:3)	0.00855000105043478	0.00845174288125108	0.00711447127257653	0.0706999958076256	0.0257027562620629	0.0301444672511987	0.0747947689621186	0.0472467975714243	0.115147245088706	-2.64653515328352
906.852	TG	(20:0/16:0/18:1)	0.0020152756744931	0.00207225357597853	0.00189789631497505	0.00928449664440896	0.00370864355320544	0.00340303047802846	0.00664330835304742	0.0723626053586635	0.140579166499741	-1.52954486353382
856.7381	TG	(16:1/17:1/18:3)	0.00577284613083034	0.00606602474193076	0.00505675063892016	0.0397128021319505	0.0167762298141754	0.0239391040289292	0.0526200539249722	0.0411910174467549	0.114988330229575	-2.56219005691198
840.7106	TG	(14:0/14:0/22:6)	0.00492266894091585	0.00609363705813027	0.00423643142150568	0.0477095747481474	0.0199032116331753	0.0186802754325753	0.0545049251079982	0.0475550107326906	0.115147245088706	-2.79144911510062
1000.8329	TG	(18:0/22:5/22:5)	0.0019594675400952	0.00223773400055736	0.0022212953417088	0.00987806565382075	0.00311414490904978	0.00332922043797974	0.00649153323496584	0.110826241722647	0.179571842791206	-1.41450903419855
990.7502	TG	(18:3/22:6/22:6)	0.0102537636292372	0.0101839578379761	0.00897520326403537	0.0325290532951986	0.0133625044231957	0.00754872920805533	0.0224312224432279	0.191776643220883	0.273694480888081	-0.952070490820382
1042.7888	TG	(22:5/22:6/22:6)	0.0125695910544136	0.0136723140427005	0.0147834214273384	0.0113959535892656	0.00567081898633033	0.00360780478650235	0.00663643131075115	0.0193868204221131	0.0810223777447272	1.00206971771143
954.8515	TG	(18:0/18:0/22:5)	0.000587098727198099	0.000616873004310686	0.000624496009179321	0.00376749656731369	0.00106899613319686	0.00135974622546176	0.00240580773930186	0.0858830310382672	0.152782713033265	-1.81900728479952
794.7257	TG	(16:0/14:0/16:1)	0.0105789603310343	0.0164238546281654	0.0134104988629023	0.0954425605231122	0.035756065336537	0.0239634249584107	0.0820112720334734	0.0772192297671366	0.144826569822285	-2.13800168605058
976.8357	TG	(20:1/18:1/22:6)	0.00318374615374352	0.00440627582206591	0.00404780869029641	0.0274886131665196	0.00834717766931588	0.00669481730337209	0.0164459054640085	0.105966288604392	0.17365578094484	-1.92628088100664
950.8186	TG	(18:1/18:1/22:5)	0.0187708529987104	0.0215117070349639	0.0198615379545614	0.0958751150155544	0.0340677590443541	0.0424151622183356	0.0742181929260926	0.0620042636551004	0.130009417645362	-1.62050115032459
714.6217	ChE	(22:6)	0.00593125838384548	0.00556501496645482	0.00507547507045793	0.00587881143774309	0.0020711866524333	0.00165564774373641	0.00331262306619678	0.0913923980155589	0.158831143325427	0.774350566957124
688.6056	ChE	(20:5)	0.000816335250555083	0.00150576818408515	0.00117148652023397	0.00348078500238501	0.000967407903542408	0.000525566463229846	0.00219292120997038	0.423433603235446	0.512640120771004	-0.621557267312218
716.5337	Hex1Cer	(d18:1/14:0)	0.0164940574042516	0.0288846909777785	0.025418398675058	0.00213063049028619	0.00237949600301603	0.00158723338259714	0.00124783935117835	0.0270889131471412	0.10064932384843	3.68385519658075
816.6596	Hex1Cer	(d19:0/20:0)	0.0201265556108583	0.0208628539586776	0.0201539883532507	0.00830248704805291	0.00943290101212295	0.0126584292936312	0.0106619176644821	0.00105206435550396	0.0336359859420433	0.989650464504939
774.5135	Hex1Cer	(d15:1/22:6)	0.0985992146759589	0.0817818753531175	0.0768116397305151	0.162709582304882	0.204414276975615	0.130236728728821	0.214205198260495	0.0133094102361722	0.0691127206239786	-1.05310978326844
776.5328	Hex1Cer	(d15:0/22:6)	0.211669678313791	0.179264739190826	0.162812076176584	0.354870206278169	0.395428435852981	0.266150990476831	0.448676904223773	0.0130346494377591	0.0685113891179776	-0.988690206592488
500.2791	LPE	(20:4)	0.00123162830103629	0.000854569999597376	0.000690520272906731	0.00116138139718182	0.00214153044964704	0.00289747322117446	0.00208745407791294	0.041216598576246	0.114988330229575	-1.16257753925803
452.2789	LPE	(16:0)	0.00623815238682638	0.00595904384619961	0.00617922304128089	0.00537347652318086	0.00555880333585639	0.0044453817200139	0.00543588663116027	0.0310417966663302	0.108772474497466	0.23537024694686
498.2631	LPE	(20:5)	0.00112057129398501	0.00234661850493059	0.00185036588640738	0.00482334863945678	0.00642252152890102	0.00370345159750457	0.0081038537437675	0.0195506433537161	0.0810223777447272	-1.70109285097206
526.295	LPE	(22:5)	0.00839068520682142	0.0083988048601885	0.00778897253827453	0.00913197198358148	0.0134566555096787	0.0107841387523208	0.0124826929747191	0.0386355269756163	0.113493303068209	-0.484661324373649
524.2792	LPE	(22:6)	0.0671283322712584	0.0642923545804498	0.0591761752099627	0.0573240203402304	0.0851976585439322	0.0562045500103739	0.0640838823118958	0.776907536493125	0.82678308204577	-0.0484589155972796
508.3412	LPE	(20:0)	0.000928876619655029	0.000649858091895194	0.000495434712653162	4.10260238368201e-05	0.000187980059872043	0.000265128566701843	0	0.028322678794836	0.103515129557195	2.48459511062568
478.2946	LPE	(18:1)	0.00229311657157079	0.00179237841398331	0.00192560653273619	0.00185663288968743	0.00276119527627866	0.00297082379830333	0.0023620182764206	0.15704943681605	0.233613070993498	-0.312126819129418
480.31	LPE	(18:0)	0.0121780018482446	0.0102747109216897	0.00939025473737512	0.0082714388149399	0.00838078712368715	0.0109900156053509	0.00875210234001828	0.216961645271532	0.298755492370704	0.222298033154481
640.5892	DG	(18:0/18:1)	0.0284620981082411	0.0228741626991355	0.0238686473867263	0.0393892695341945	0.0443314739856025	0.0274857644138321	0.0529506056778028	0.0520682725152761	0.119640849242815	-0.711141043431759
656.6218	DG	(18:0/19:0)	0.00719375679865954	0.00542396521712896	0.00516282873337147	0.0150792466079369	0.0157604965016623	0.0105369126901989	0.0204467309518559	0.0141719628050013	0.0727156662970902	-1.38281517740608
684.5586	DG	(18:1/22:6)	0.210148390726326	0.194327383349434	0.177220813852664	0.086643921557382	0.0827847883926551	0.082033468691048	0.0921600810098424	0.00536894289047537	0.0576157801410734	1.17448084456617
630.5112	DG	(14:0/22:6)	0.0586231690587325	0.0761293315685937	0.0667916258927162	0.008348889732023	0.00768484250652084	0.000644620624367714	0.00552533007775873	0.00324198179402605	0.0465764717741743	3.59726233709307
686.5742	DG	(18:0/22:6)	0.0654046524038056	0.0627923075912138	0.0610227065459457	0.0347178450399741	0.0321459396352363	0.0339298602251952	0.0416643598220953	0.000146764277812098	0.0210851345790048	0.824562853172604
642.6054	DG	(18:0/18:0)	7.72781102733475	5.60316884730741	5.42691245179335	16.4947786973829	18.7103586016449	11.1172929711585	21.2153874334623	0.0116156038802044	0.0641836573380523	-1.43316033123424
614.5747	DG	(18:0/16:0)	1.01304731102891	0.709078170448525	0.669264811522277	1.98117922947162	2.41301230717743	1.42898736573884	2.56549867915628	0.00940110864158131	0.0641836573380523	-1.39555629014729
638.5746	DG	(18:1/18:1)	0.043144361652848	0.0335012504991715	0.0346397447909805	0.0280273158755567	0.0267561847670364	0.0348847647165678	0.0371074739633992	0.239149208692668	0.319112411599195	0.227022585106666
584.5277	DG	(16:0/16:1)	0.0160617569644337	0.0150283263077056	0.0143613119589043	0.0129298922054727	0.0112645424247383	0.00910887601383727	0.0175850940612187	0.273532670244715	0.359428600230098	0.252025115947761
670.6372	DG	(18:0/20:0)	0.0833166844308306	0.0612700184268415	0.0606887739883894	0.185710613339414	0.201601987832568	0.129644354467046	0.262611085385953	0.0156742696860358	0.0759057329739488	-1.51007616142066
662.5744	DG	(18:0/20:4)	0.0288939658674129	0.0352809691239931	0.0344675118336569	0.00691909642249254	0.00761258179014052	0.014502777289503	0.0105066395164997	0.000601296825515647	0.0287954368663604	1.73389326106894
586.5432	DG	(16:0/16:0)	0.0318522995098289	0.032491502835868	0.0317534011850517	0.079679875132935	0.0920938620321735	0.0676526623132511	0.121227759122825	0.0148961756313788	0.0737959965186697	-1.49301220625166
636.5593	DG	(18:1/18:2)	0.0130337056087636	0.00936347576504707	0.00982644440167722	0.0087465578273162	0.00750614053898678	0.0121846427827244	0.0121192074997458	0.731666522614315	0.789388954539109	0.0832214486885332
612.5582	DG	(16:0/18:1)	0.0684242542892048	0.0617360433314904	0.0634259042550474	0.0584314006244161	0.0566830169096337	0.0582771817682373	0.0841223966931633	0.983782237373076	0.985683296246736	0.0033627799544434
698.6682	DG	(18:0/22:0)	0.0473862712549837	0.0346412827577455	0.0365972280776953	0.106990805518134	0.113031456714467	0.0715088419371943	0.145648290595529	0.016231193595536	0.0760237397103474	-1.46678246884724
640.6267	Cer	(t18:0/22:0)	0.0748489526436162	0.0568909345254396	0.0546963742887309	0.220463461675492	0.194684854972528	0.176016366336368	0.238876539361184	0.000582675638102583	0.0287954368663604	-1.73946299912603
624.6303	Cer	(d22:0/18:0)	1.91300624724658	1.20297852862049	1.23164228078343	4.51420786473596	4.32098561119039	2.57267448005981	6.0254289549626	0.0210140065034052	0.0854437434242231	-1.58850783722506
596.6001	Cer	(d22:0/16:0)	0.413878793194339	0.289391322817235	0.285974614970043	0.9746654372355	0.968437775713787	0.604926910170141	1.19600522983895	0.0115409738488922	0.0641836573380523	-1.50515717721954
696.6889	Cer	(t18:0/26:0)	0.00961429183980755	0.0057765093849278	0.0117867210301446	0.0697482922172972	0.0233841114983307	0.0144890537669664	0.0324930489093169	0.120955689518444	0.191661405082534	-1.95108299163389
582.5848	Cer	(d19:0/18:0)	0.0103375759574635	0.00722343955097062	0.0090404477382729	0.030663019031264	0.029835394647599	0.0151057750861235	0.0380694834462654	0.0247412328485759	0.0969406487066927	-1.68028314294119
668.6572	Cer	(t17:0/25:0)	0.0154029903484785	0.00973614589680139	0.0136451739185781	0.0439361896307075	0.0233850561563923	0.0175744694116199	0.0349772142366692	0.058481985784428	0.125461976737314	-1.2129233499867
648.6319	Cer	(d18:1/24:1)	0.0167200225871342	0.0221203054203055	0.0184972360132463	0.0110665992904954	0.00971731084899179	0.00731903034058631	0.00925428864055479	0.0121474911241229	0.0652332812466158	1.03313066173231
646.6132	Cer	(d22:0/20:3)	0.0107213569443392	0.00538417008649185	0.00695138673476739	0.0177706622254416	0.0289477927370116	0.0111166730410455	0.0193803598812076	0.0439662159155045	0.115147245088706	-1.3286533360305
650.647	Cer	(d18:1/24:0)	0.0305830241568614	0.0238390841737227	0.0239350984035798	0.0408791675718852	0.0397401563474637	0.0324602882425532	0.0439866754314816	0.0108493085189112	0.0641836573380523	-0.588198182624558
678.678	Cer	(d18:1/26:0)	0.0276610398043576	0.0199317571289771	0.0197853749215138	0.0451033547416968	0.0422740959717774	0.0333726171794921	0.0460811360614038	0.00440340085472177	0.0540664618054278	-0.892998465058464
544.4957	Cer	(t18:0/14:0+O)	0.00228004577014527	0.00197845882119775	0.00247640505798265	0.00483486408954894	0.00506004097825434	0.00231928344892162	0.00572928562039382	0.0550970113606422	0.122759667835239	-0.998691249560463
355.2854	MG	(18:2)	78.001247814809	78.9254309571857	67.6986796869528	194.988534289217	179.973248649171	125.561810817349	176.565975045754	0.00655095512827528	0.0576157801410734	-1.17678838807455
359.3159	MG	(18:0)	128.337036061179	118.392347200792	115.223314881516	345.394977651845	321.03571680292	214.894190574238	325.805948882894	0.00799370927004747	0.0604436613226396	-1.32267147477233
387.3483	MG	(20:0)	0.847786629092633	0.978821537115656	0.782206974799839	1.96756259226677	1.91794849944908	1.34907313902983	2.20909001743151	0.00883844061972678	0.0641836573380523	-1.09758270262159
329.2698	MG	(16:1)	0.552071851033054	0.538841445607356	0.421165733545294	1.3253733827966	1.25840187433961	0.901899241304985	1.59600578884095	0.0096633069898771	0.0641836573380523	-1.33373456685106
357.3009	MG	(18:1)	10.8205411676741	11.1321783620475	9.51645339684639	27.7638844269227	26.6467318993088	18.6602849179511	27.9822802823738	0.00553816062891661	0.0576157801410734	-1.26806607720303
496.3416	LPC	(16:0)	0.0151433601112684	0.0142382088068445	0.0155007304185008	0.020781869297796	0.0140517013196747	0.0178824193122122	0.0178558538646518	0.145703301505164	0.220025134249601	-0.237908616122649
662.5143	LPC	(28:1)	0.00105044358412236	0.00146611175463456	0.0010958749828529	0.000787910121144915	0.000833768942377723	1.59575050139912e-05	0.000510903988263818	0.0342861373838285	0.110278546361419	1.16465024940844
636.4989	LPC	(26:0)	0.0157733174850804	0.0139953891195706	0.0137105693745805	0.027929491080876	0.0287468613224115	0.0198613418186936	0.0375474005710479	0.0283405691131067	0.103515129557195	-0.976672994895586
568.3426	LPC	(22:6)	0.00199715489327198	0.00270553827834369	0.00297997699410604	0.0015857963192684	0.00205257952676251	0.00327734822297048	0.00219666049319761	0.567422616794044	0.652157727568622	0.168816682967902
570.3581	LPC	(22:5)	0.000263611961161777	0.000357521796626686	0.000368319568742156	0.000267873083157965	0.000286374825757237	0.000347795931672393	0.000322061219486874	0.571394811308153	0.653239160938499	0.108013675821787
664.5293	LPC	(28:0)	0.00256948509724523	0.00395980795344385	0.00343649318491029	0.00397677093224044	0.00382463446609048	0.000832699602978352	0.00389103310894844	0.83587065620252	0.872300854293671	0.0852665215893648
520.3413	LPC	(18:2)	0.000537882205783135	0.000531532852216808	0.000609844858172436	0.00103499508786261	0.00083480251020804	0.00192494914818585	0.00167714752665885	0.0514256330915924	0.119640849242815	-1.28917730751298
550.3883	LPC	(20:1)	0.00161728460636792	0.00136930819951011	0.00138411409320299	0.0018956333000078	0.00135266115582425	0.00137857727673456	0.0012348126278091	0.961589954624597	0.968330071128975	-0.00841115088088533
468.3107	LPC	(14:0)	0.000456034381593082	0.000447743711902538	0.00037588253231357	0.000518765678377177	0.000366347377815384	0.000282519848012476	0.000450240925478761	0.717856562187346	0.781303480562491	0.076699645066821
522.3578	LPC	(18:1)	0.00856761113629471	0.00834729615776741	0.0087093652041772	0.0130814415214294	0.00889907111549028	0.0198939475298333	0.0144053622164756	0.0925805359575213	0.160227069144588	-0.720069230743982
552.4041	LPC	(20:0)	0.00484656815173672	0.00304564386256346	0.00349675980772506	0.00523661219165779	0.00530708331346363	0.00413066472928253	0.00426978932031705	0.221094723663045	0.303477152543862	-0.319077367464211
580.4357	LPC	(22:0)	0.00107884946103346	0.000547966017713567	0.000619867316233535	0.00102224988515864	0.00111976237067175	0.000879313740371939	0.000998230169967943	0.259693155306876	0.344393076730042	-0.424202263098013
774.5478	PE	(18:1e/22:6)	0.0421449709942986	0.0512817756254516	0.0486721222272216	0.0283129685747283	0.027965087381767	0.0273127069449027	0.0283926586301056	0.0184422581929935	0.079486132811802	0.758647403772412
816.5546	PE	(20:1/22:6)	0.064133865332018	0.0753801849713205	0.0802256510358808	0.0822115266865072	0.0813525166039892	0.0405109809896219	0.0649213199601828	0.608656517883615	0.685914503459683	0.123246484497803
818.5737	PE	(20:0/22:6)	0.0415061081847778	0.0373463266606158	0.0393977665770529	0.0440700369004196	0.0472666058103135	0.0282563084158129	0.0362108266257395	0.921903546040758	0.941564996074803	0.0171499256245705
772.5882	PE	(20:0/18:1)	0.0211232698414113	0.0232430975282734	0.0219317016696094	0.0225757842102388	0.0210210513136722	0.0203622604553799	0.022607415374025	0.609904789218831	0.685914503459683	0.0301953313219935
718.4835	PE	(14:1e/22:6)	0.0109091331705622	0.0143780890543162	0.0137391250254265	0.0126525502969687	0.0112938126128678	0.00439005816542336	0.0112003301222351	0.210439856744229	0.293526143225769	0.396291609204903
696.498	PE	(16:1e/18:3)	0.00194366875428899	0.000450440103825728	0.000586092382891646	0.00102239867095126	0.00107896188824393	0.004473326661062	0.00288793054952371	0.214739919790177	0.297597766654555	-1.25179209804317
762.5062	PE	(18:1/20:5)	0.00442809108976931	0.003961099246694	0.00412129952235219	0.00458381724024734	0.00398172496656398	0.00503477033504477	0.00462888860431981	0.194942851762244	0.276382793123445	-0.128075560056777
790.5386	PE	(18:1/22:5)	0.127066811113274	0.11907494095679	0.125518243662737	0.142950277704938	0.136205363620359	0.121610530873537	0.147750327100728	0.0991550553177711	0.167591485654742	-0.146514108489812
788.5238	PE	(18:1/22:6)	1.08754239365405	1.06751784331733	1.11410324354321	0.865099622366115	0.79322457533757	0.601917846139125	0.708173948617663	0.00693707951821539	0.0576157801410734	0.554265738048672
604.436	PE	(16:1e/11:0)	0.000508655537493034	0.000445520833056368	0.000630382275277122	0.000648636414017609	0.000548898467425535	0.000592586683844326	0.000575335168578034	0.367700328685016	0.455398970296671	-0.163000217696743
744.4992	PE	(16:2e/22:6)	0.0093861686767541	0.0113100077132705	0.0113644962004459	0.00750060443943589	0.00683337304460404	0.00426564946422377	0.00615267563063501	0.00549824863606394	0.0576157801410734	0.788279453015861
784.493	PE	(18:3/22:6)	0.0303585792872781	0.0131136922597572	0.0150233373095104	0.0199133500597304	0.0177443419611605	0.0383766777107513	0.0269860287370328	0.42774489391218	0.514966618089803	-0.401492292287774
810.5087	PE	(20:4/22:6)	0.0489525669774923	0.0455484953299153	0.044174038561871	0.0480330757830667	0.0423792583816812	0.03900302439642	0.0424318482071099	0.223748428476991	0.305175862891086	0.105619872020714
672.4995	PE	(16:1e/16:1)	0.00163686861069278	0.00163363148538637	0.00203098120287175	0.00127686207041943	0.00143220450821284	0.000981431951341741	0.0016923266167977	0.0877938088293378	0.155078408219035	0.39306945971213
748.5303	PE	(16:1e/22:5)	0.147476241442978	0.160717371215117	0.17012485370878	0.11883090805227	0.112711823173233	0.101589552035731	0.139189411757601	0.0100427663923652	0.0641836573380523	0.433239185668302
702.5098	PE	(15:0/18:1)	0.0113141771125866	0.0103551483428619	0.0098123976758134	0.0107919629047722	0.010302464133135	0.00981453431439926	0.0118149145717783	0.77307697901158	0.824743014737601	-0.0254905274887796
786.5084	PE	(18:2/22:6)	0.0669924847971252	0.0631707260310584	0.068124615327222	0.0671794754520965	0.0607085509548424	0.0575608205631961	0.0631601073152527	0.1793780779271	0.260763616474372	0.0887553459013036
742.5414	PE	(18:1/18:1)	0.109172828046168	0.0931674643928808	0.0979697962356898	0.108908258308485	0.102669737367002	0.107364260290695	0.117425512890793	0.194570740473206	0.276382793123445	-0.124054103607995
766.5396	PE	(18:1/20:3)	0.00364395727566715	0.00131993678422422	0.00164763227973329	0.00286421125596325	0.00245249859430312	0.00794986623309056	0.00410324815111576	0.204895730705326	0.287654918351777	-0.978490379736208
812.5261	PE	(20:3/22:6)	0.0509227293121965	0.0335053378917923	0.0358026768206986	0.0453514950811571	0.0404595992401689	0.0654668830585501	0.0507037470382624	0.235943943931398	0.316797008830008	-0.333381409962409
740.5249	PE	(16:0/20:3)	0.00572186376254195	0.00221772854198584	0.00253759343829048	0.00356471185062389	0.00284362245690838	0.00971924054379046	0.00517588827470926	0.380831478060673	0.466302179102699	-0.608799227810877
688.4932	PE	(16:0/16:1)	0.051747503542087	0.0562600153563846	0.0567308991369898	0.0322075292759145	0.0309890223773604	0.0219792706120898	0.0289461417608733	0.000249367646338744	0.0215945736635247	0.944638058273175
774.5462	PE	(18:2e/22:5)	0.0175459304228858	0.0195316081928475	0.0197866957882519	0.0167214431729548	0.0160424976978657	0.0183129950952364	0.0185562121188316	0.166375713656806	0.243077737579944	0.122784784298462
762.5084	PE	(16:0/22:6)	1.41923294791668	1.58752716917279	1.6303762160974	1.21753545981267	1.10634924036511	0.64590446856417	1.01515199095834	0.0143919666672958	0.0729723892277522	0.633713220254244
688.4934	PE	(18:1/14:0)	0.00286371566180219	0.00294614682849965	0.00281482073110455	0.00276398584250212	0.00230122039654851	0.000672414336254118	0.00145378033758369	0.1020339712257	0.16948799292939	0.677236127196951
740.5242	PE	(18:1/18:2)	0.0330889851843407	0.0251683074761538	0.0275623639025799	0.0382127557043292	0.0347797322498702	0.0449470387853197	0.0444849743729285	0.0175718957265098	0.0768076037621297	-0.505351741899088
690.509	PE	(16:0/16:0)	0.0184220440064395	0.0174351612336421	0.0186791765819597	0.0140332628042334	0.0128361555095043	0.015045279667789	0.0120084842180048	0.0023543980840452	0.0441193727923253	0.431350850499452
744.5559	PE	(18:0/18:1)	0.118065225081159	0.127342985489096	0.127903073611287	0.134549010135352	0.128374355542982	0.10213707526358	0.129566146453036	0.926606230098233	0.944130697806947	0.00907682709664781
834.5088	PE	(22:6/22:6)	0.0710468331466134	0.0937981528597819	0.0915078664313782	0.0479097615363048	0.0443824025071147	0.0254007822000733	0.0318317474459766	0.00602092669022367	0.0576157801410734	1.19278468780997
790.5407	PE	(18:0/22:6)	0.744366413094857	0.768120516584469	0.773672210319014	0.694135028769258	0.68395527534445	0.52314305192968	0.646326317983875	0.0465272012020104	0.115147245088706	0.258847392149653
734.4783	PE	(14:0/22:6)	0.0134928761112742	0.0143544638547273	0.0143167052141076	0.0131965962341694	0.0114986955605297	0.00470499712757876	0.0100036907598743	0.104550504961974	0.172648535013834	0.51270943888949
760.4929	PE	(16:1/22:6)	0.0500040049802773	0.0506730887588452	0.0531381384254375	0.0367078744213884	0.0314497342238867	0.0182056993197638	0.0271842109817791	0.00796325173829389	0.0604436613226396	0.852939695266499
776.5629	PE	(18:1e/22:5)	0.00721150087666881	0.00811247056442398	0.00788714549912704	0.00866817991731882	0.00827054345042131	0.00779326020720986	0.00982781708711302	0.141566032622138	0.216365106596247	-0.159241448746097
764.5245	PE	(18:0/20:5)	0.107300749354253	0.11559587425931	0.112410396342649	0.153185359496486	0.146642921283276	0.116685791446468	0.175518704360399	0.0556336121119044	0.122964547796055	-0.405156862834374
722.5151	PE	(16:1e/20:4)	0.020645090618019	0.0205075695067982	0.0205400263170841	0.0241389541587584	0.0230010849405504	0.0292806244881874	0.0340642274082842	0.0693947209765827	0.136571345848891	-0.425640217031995
648.462	PE	(11:0/18:0)	0.000621923214076037	0.000648711655130376	0.000704072121333975	0.000633915618905376	0.000562162666857022	0.000792489875145869	0.000461107111344025	0.570951252192807	0.653239160938499	0.10408558062066
710.4777	PE	(18:4/16:0)	0.00271087773383457	0.00271087228834386	0.00260907226464047	0.00430582774248113	0.00365838589772317	0.0029722978470285	0.0043229744207818	0.0373204988562879	0.113493303068209	-0.51104923939917
738.5094	PE	(16:0/20:4)	0.0438071333712001	0.0478883660907609	0.0469513853498372	0.0395479112681744	0.0391171390656163	0.0390278518099116	0.0459569089058941	0.05249025702506	0.119640849242815	0.175840764174869
714.5091	PE	(16:1/18:1)	0.059318324049037	0.0549965657220053	0.0581030330452412	0.0538353402144409	0.0512221968258612	0.0489656349002082	0.0565632281519328	0.0686559717976405	0.135737265343042	0.126534980929374
792.5557	PE	(18:0/22:5)	0.0814675154836253	0.0832591664943203	0.0842103906460239	0.101289841298758	0.0952777510384639	0.0883662496491013	0.108977850933971	0.0362785723913505	0.112622881416448	-0.247053645667614
800.6202	PE	(18:1/22:0)	0.00257650690723899	0.00263368891300711	0.00249609737548276	0.00366496071362747	0.0033024035168482	0.00271900945169142	0.00319921343993753	0.0414069955857507	0.114988330229575	-0.326611793410328
748.4923	PE	(15:0/22:6)	0.00718542625946743	0.00722878829412892	0.00697850784466949	0.005523414197462	0.00503309687955604	0.00229592446017669	0.00426304355099041	0.0269404324847907	0.10064932384843	0.736855912033541
756.5583	PE	(19:1/18:1)	0.00261740047226219	0.00238403295249796	0.0023299765662905	0.00239697912286814	0.00228623396916213	0.00237536010079451	0.00265866347508907	0.908330534553415	0.932120143791719	0.00858207943788501
820.5882	PE	(20:0/22:5)	0.00431105766455909	0.00383935111239212	0.00399407115212182	0.00780899282051201	0.00821763238465845	0.0056308484298491	0.00803711452855789	0.00932415888026798	0.0641836573380523	-0.874861814810185
620.4307	PE	(11:0/16:0)	0.000482958799032861	0.000497682504977405	0.000642406447630244	0.00073008633060186	0.00055763526053708	0.000395907744781552	0.000503326817993415	0.949739681624188	0.963147771247118	-0.0151813509357817
720.4986	PE	(16:1e/20:5)	0.082228773365027	0.111801073364017	0.0972299512932512	0.100849524412536	0.0944194791581447	0.0614065435053432	0.115985748405536	0.79541025228425	0.842314050944746	0.0594790934703192
686.5148	PE	(16:1e/17:1)	0.00254037102253862	0.0026899601161478	0.00245373026796423	0.00267219191893261	0.00284973024540582	0.0016498935020268	0.003446836394907	0.820923568735684	0.860871187652262	-0.0516221884608812
766.5411	PE	(18:0/20:4)	0.0461836853489145	0.0445016506615364	0.0442607577444181	0.0443001996769968	0.0424770510058896	0.0605746394400263	0.0538823944996916	0.298719838210721	0.384323135130808	-0.161455405041612
728.5257	PE	(17:1/18:1)	0.0112804962096299	0.00971107942069003	0.00940784154512593	0.0118875241481329	0.0111934091195786	0.0114592032300434	0.0128169556092453	0.0760432444577626	0.144598357366509	-0.224499333572167
808.4941	PE	(20:5/22:6)	0.0123052108541716	0.018252112579232	0.0161237125835944	0.00991285680104842	0.00852892945946487	0.00579801371399845	0.00779116075029392	0.0305268860964073	0.107929592673433	0.958407008752089
662.4776	PE	(16:0/14:0)	0.00834387750443618	0.00931071859363087	0.00869110733067639	0.00513217306540984	0.00475382197477221	0.00245707576433481	0.00384425741080773	0.00166099335933279	0.0357944068936217	1.11774031680039
716.5246	PE	(16:0/18:1)	0.0263550253686589	0.0278208799711053	0.0278880068451877	0.0281400523384763	0.0254977895446878	0.0163932104244776	0.0231219226380099	0.204616359729554	0.287654918351777	0.232183587905632
736.4938	PE	(16:0/20:5)	0.0545666521457909	0.0607861678748478	0.0602372523107708	0.0885554824451444	0.0784390988999235	0.0483717567254602	0.0945463027227934	0.160956057065372	0.238391960808162	-0.404612823050756
746.5135	PE	(16:1e/22:6)	1.08629261753104	1.19041004435375	1.21292670480673	0.772936560927383	0.733973801288125	0.536078884372221	0.719867598936368	0.000834942238591651	0.0317034772655637	0.751950502919154
712.4936	PE	(16:0/18:3)	0.0112332719456178	0.00515334972579698	0.00598306419581786	0.00797247820254906	0.00748031479521445	0.0201474012982114	0.0135935472443786	0.230053128086639	0.312389107900598	-0.721892290284708
686.4774	PE	(14:0/18:2)	0.00286579547096757	0.00268329242840401	0.0028242476198029	0.00223174399114969	0.00179656550541897	0.00112479594419014	0.0014756154979753	0.014560615947997	0.0729723892277522	0.752109415889716
772.5298	PE	(18:2e/22:6)	0.199111154095211	0.223935597038349	0.22450913913042	0.125237876869595	0.119077409570276	0.114191684887858	0.115988960178307	0.00443388906713976	0.0540664618054278	0.863646498698255
770.5716	PE	(20:1/18:1)	0.0278426714849651	0.0241143074828045	0.0250343602471274	0.029624195949592	0.0270761204638357	0.0290921263340208	0.028642360039183	0.100686548801048	0.16948799292939	-0.156720312278374
718.5405	PE	(18:0/16:0)	0.0240968042982388	0.0242057843002076	0.0249171796166126	0.0220369557962307	0.021448679413787	0.0209241950391068	0.0196725765709481	0.0030294513089251	0.0465764717741743	0.215466739553814
698.5137	PE	(16:1e/18:2)	0.00553282721609857	0.00420370846149597	0.00643448555573033	0.00592945612894764	0.00584606295949274	0.00618841852612489	0.00909679870171689	0.233360459281769	0.314307368595133	-0.327752805108765
829.7137	SM	(d19:0/24:1)	0.00086046683235395	0.000627552773191177	0.000686290959738423	0.0015219102633026	0.00140884249685456	0.00205216781618461	0.00224237995246132	0.00891169690993478	0.0641836573380523	-1.31746207611124
787.6717	SM	(d18:1/22:0)	0.0908986581394541	0.0940025670065389	0.0984949697242133	0.134470029018599	0.145101151192643	0.120445496120348	0.238881319498178	0.0929391352346796	0.160227069144588	-0.75772772726848
797.6546	SM	(d18:1/23:2)	0.000378426685245247	0.000853944170755727	0.00086115313813734	0.000915932175398236	0.000703667855104455	0.00044280215767006	0.000688354624933372	0.959659699538495	0.968330071128975	0.0211423517936407
801.6871	SM	(d18:1/23:0)	0.00350931733050774	0.00304048077601702	0.00335227851887922	0.00498005612846497	0.00567977482510043	0.00660276906158974	0.00799317834214532	0.0167569727899838	0.0760237397103474	-0.935772987076563
725.5589	SM	(d18:1/18:3)	0.0360997444853201	0.0342349923408331	0.0331404763421631	0.093252579102378	0.0975992734518858	0.077670524631167	0.10122568343408	0.00124866769158398	0.0336359859420433	-1.42221986027352
685.5304	SM	(d18:2/15:1)	9.88127114659375e-05	0.000150186760473666	0.000145712321906022	0.000153067969289308	0.000158560460595873	2.53566923197379e-05	0.00010952206808547	0.595414861364775	0.677107665562581	0.237153718509973
815.7032	SM	(d18:1/24:0)	0.039457117509203	0.0302220921945917	0.0328886543560369	0.0640918520131882	0.0698277614218246	0.0577284658227043	0.0767449517410124	0.00124321452690204	0.0336359859420433	-0.972730926927167
833.7101	SM	(t18:0/24:0)	5.64983915533605e-05	7.69751702653459e-05	0.000135822878874068	0.000499312167713489	0.000407766448882319	0.000648585372534456	0.000917387001449628	0.0155610127979687	0.0759057329739488	-2.78398742005931
675.5453	SM	(d14:0/18:1)	0.102076249240366	0.116208985686142	0.132628014417232	0.113814392600341	0.116346245173514	0.0687879616780095	0.122987869903242	0.48464088426312	0.569155915851239	0.149126129704721
713.5595	SM	(d18:2/17:1)	0.000566698978502378	0.000249118397877842	0.000244559543822788	0.000569868948184078	0.000688379876660742	0.00206060307884705	0.000827046149817746	0.140805602338274	0.215968735259061	-1.55206996767257
721.5864	SM	(t18:0/16:0)	0.00322620720946937	0.00283322686424531	0.00369012617067712	0.00221409478887236	0.0024760528564581	0.00220138681555887	0.00316441484595435	0.0843595507847739	0.152455002949515	0.370397269607254
711.543	SM	(d17:1/18:3)	0.00948300230789043	0.00625596107717473	0.00700988076448489	0.00609085627019556	0.00726567960486574	0.0137156798500181	0.00665754662723284	0.694525078420839	0.76168017506204	-0.153191409405964
841.7194	SM	(d20:0/24:2)	0.00250748709953162	0.00317099852504256	0.00327484334781406	0.00391445686806096	0.00388662143972422	0.00199430633206226	0.00415850388499003	0.413905344162397	0.503935602638399	-0.225133612741616
647.515	SM	(d18:1/12:0)	0.00049533946029036	0.000661306245466121	0.000717154904829565	0.000860045631352261	0.000914247032398441	0.000641235993550393	0.000813701026595605	0.101331861930446	0.16948799292939	-0.370185113911467
699.5422	SM	(d18:2/16:1)	0.00830219434896407	0.00628640263973192	0.00756911877970965	0.0104410613446857	0.011111587288841	0.0071262614488457	0.01360948819139	0.0936129907292607	0.160745812766181	-0.51741525613688
697.5272	SM	(d14:0/20:4)	0.0465859340078777	0.0504667414599583	0.0564466477004322	0.0396845418721304	0.0430111090003366	0.0228658484625368	0.0290534573424647	0.0263589725740076	0.100537320171657	0.604431081029612
813.6881	SM	(d18:1/24:1)	0.0300522550546816	0.0475148403328075	0.043120603026621	0.0259042793645345	0.0254007199283918	0.0170624637679211	0.0329643641585514	0.0826113341549975	0.150870699240695	0.667228750229262
677.5604	SM	(d14:0/18:0)	0.0149573706860243	0.0126434959579014	0.015016311303977	0.0219405097889011	0.0225592362688153	0.013116447321291	0.0221280765028892	0.0817343474955964	0.150544887908556	-0.488908293815722
705.5921	SM	(d18:0/16:0)	0.0223521005156877	0.0188601285383179	0.0216915800027065	0.0305955511427611	0.0319847306935605	0.0301749416070749	0.0321874827975758	0.00377013816266856	0.0507790483784422	-0.575009899295174
835.6701	SM	(d20:0/24:5)	0.0104724855696071	0.0167466059708707	0.0158135398240264	0.00923626040399727	0.00784817784152731	0.00498568555213803	0.00868044368821329	0.0562670936934542	0.123706691744703	0.899855525460718
661.5301	SM	(d18:1/13:0)	0.000656224290612018	0.000745518619912071	0.000796397044121865	0.000965996944341034	0.000972987460969505	0.000582056728235192	0.000907662338094929	0.286586736943841	0.372044830189143	-0.226342395199169
741.5928	SM	(d18:2/19:1)	0.0183377368082324	0.0283595410559685	0.027193766793481	0.0110214084113913	0.0109683705018674	0.00930064091426467	0.00811167368487944	0.0374438934108719	0.113493303068209	1.32216473952744
731.6094	SM	(d18:1/18:0)	0.0106158678384031	0.00994874990573404	0.0106915661615607	0.00752925610870716	0.00712467936997075	0.00845271591038767	0.0092540472855612	0.0103440239005979	0.0641836573380523	0.364936392284612
781.6235	SM	(d18:1/22:3)	0.00744595964700875	0.00993491562100208	0.0114283405643158	0.0066423906585683	0.00793660275603259	0.00713300653684326	0.00746309069071954	0.179690937570507	0.260763616474372	0.396830752959015
807.6368	SM	(d18:1/24:4)	0.00467048709275274	0.00852160555792165	0.00911699120331797	0.00300662979755818	0.00344805091578526	0.00283471393495124	0.00282670974096735	0.0855426144413283	0.152782713033265	1.29574285509554
825.6841	SM	(d19:0/24:3)	1.86111013455807e-06	2.10093719226431e-05	1.22175483015831e-05	8.8857894969704e-05	2.44447299397556e-05	0.000133809993994304	8.84642417435234e-05	0.0452259064405225	0.115147245088706	-2.84255486991283
799.6709	SM	(d18:1/23:1)	0.00158261666810002	0.0023172063454621	0.0024091314902963	0.00123031982846017	0.00125125728204312	0.0016349908240543	0.0012151211738969	0.0831022707419611	0.151126914302891	0.65784578718635
759.6405	SM	(d20:0/18:1)	0.0215436719435831	0.0286699426439108	0.0331550529100646	0.0252698590165841	0.0264816516074763	0.0251914978817378	0.0320269412582567	0.893477929706232	0.921265520821498	0.0286843376498435
809.6537	SM	(d18:1/24:3)	0.0335251392009472	0.0336999421130121	0.0372574918050488	0.0383024724152843	0.0453777411362874	0.0355694960363911	0.0529550043411202	0.122677263481454	0.1920981752813	-0.305824804253758
805.6805	SM	(t18:0/22:0)	0.000454108872186062	0.000489891898810618	0.000567103064932845	0.00174246881097877	0.00178689974506714	0.0013972779232232	0.00239967356917064	0.00698858131149942	0.0576157801410734	-1.86244842780383
717.5917	SM	(d17:0/18:1)	0.00995739271179497	0.00549765207301885	0.00768245542869185	0.00729642943107257	0.0077149079813969	0.0141991348108906	0.0119370054062727	0.27721490608158	0.363159952951857	-0.415533492412568
707.5717	SM	(t18:0/15:0)	0.000576965421312498	0.000166250457151654	0.000222967130911379	0.000617115949571327	0.000670262002983654	0.00209701898248572	0.00141652362285491	0.0823363183728627	0.150870699240695	-1.89790517638707
785.6569	SM	(d18:1/22:1)	0.0129342365532514	0.0223634806838601	0.0240228015393109	0.0119245148822423	0.0120894128043289	0.0102627981058771	0.013303850109173	0.146002757297879	0.220025134249601	0.733195980109238
773.6562	SM	(d18:1/21:0)	0.00212404730439848	0.00227544171956188	0.00263198808112709	0.00311313250004382	0.00349987783221191	0.00411306342526212	0.00471650560256039	0.0166365806932168	0.0760237397103474	-0.719976551756045
703.5769	SM	(d18:1/16:0)	0.287505622997681	0.299377906777717	0.322550535827805	0.286138625827146	0.290494170068195	0.249486685449749	0.291651996581305	0.163423696094554	0.241217852797099	0.117453182527514
819.6355	SM	(d19:0/24:6)	0.00228223668240834	0.00236156963612897	0.00224889674326616	0.0102848852521337	0.0101827820008707	0.00706143587497553	0.013762085183455	0.00987197681292815	0.0641836573380523	-2.16765466853503
837.6841	SM	(d20:0/24:4)	0.0115275907511295	0.00990580929451406	0.00973021913228628	0.0585478285451445	0.0326639380384246	0.0308913206908372	0.0805727675298302	0.0418867003388477	0.114988330229575	-2.28620203328988
854.5696	PC	(20:4/22:6)	0.0384581625425975	0.0386155106888005	0.0398847631944227	0.0338913325376874	0.0318053279382824	0.0301212065388951	0.0298782667111352	0.00147226825731758	0.0357944068936217	0.31109315421544
690.5451	PC	(12:0e/18:1)	0.00196170493005586	0.00256906836314812	0.00208100998817233	0.00208575414403714	0.00179417306278766	0.000493843992755715	0.00172093967221448	0.156346244646758	0.233613070993498	0.532519154380646
698.478	PC	(10:0/20:4)	0.000187562481477973	0.000178566726311576	0.000182017292762616	0.000249364780755036	0.000207138736143437	0.000116055567654779	0.000267032805962683	0.479590733675948	0.566311249902284	-0.200089205578216
852.553	PC	(18:2/22:6)	0.0167094517548804	0.0137457071075935	0.0149368739704069	0.00987434896473665	0.0098150419849603	0.0112335905567783	0.00802739893523713	0.0071957309215598	0.0576157801410734	0.63583917887905
714.5094	PC	(11:0/20:3)	0.000486182491468352	0.000561921974156719	0.000581476492462617	0.000623130116179912	0.000546069354209914	0.000245931964170772	0.000526395483796935	0.547469780675014	0.632599129948876	0.16234681699986
846.6009	PC	(19:1/22:6)	0.0115590787842595	0.0144346430202145	0.0138757305492323	0.00645578328377935	0.005503403662481	0.00496119073379102	0.00448763680471961	0.0042742575914933	0.0540664618054278	1.31217029068223
728.5242	PC	(14:0/18:3)	0.0104366594215276	0.0097894080096945	0.00988988453767593	0.0092560529928449	0.00880707702174382	0.00747119521254823	0.00866968284662431	0.0223852197222387	0.0901685018718213	0.23139997063531
678.5084	PC	(16:0/12:0)	0.0228484570370003	0.0284921601843207	0.0262589859786997	0.0247613150919568	0.0236055450435433	0.00541426246376934	0.0170575877123931	0.163988439579754	0.241225315559297	0.546548827945071
822.603	PC	(19:1/20:4)	0.0160637359313563	0.0152885467922272	0.0154429817161092	0.0169001157860762	0.0148395571594939	0.0171841117627075	0.0191743977830001	0.207057057446609	0.289745427790547	-0.126216254443826
828.5547	PC	(18:3/22:6)	0.0353076759115027	0.0202744826389705	0.0222822594860501	0.028746755100482	0.0263203560940517	0.0391342267133538	0.0296984359049351	0.420566635996863	0.51060343694267	-0.255099943655634
888.6513	PC	(22:1/22:6)	0.00269726519882581	0.00380861950664658	0.00391006531999443	0.00402324528535744	0.00303531626757488	0.0017938526432334	0.00328926746073318	0.502900424560152	0.585811035095745	0.193863678292008
814.5764	PC	(18:3e/22:6)	0.000933975872468467	0.000610018418161083	0.000658973595803649	0.000711530140195165	0.000791319476359923	0.00187226732421207	0.000948058743557722	0.296722986613826	0.382897027636405	-0.557605501656298
730.5401	PC	(16:1/16:1)	0.117783482129814	0.103175314176542	0.108798189758299	0.0949185816463493	0.0924909839902391	0.0646199636333313	0.0771518644884673	0.0228926789115129	0.0905205927602026	0.417557930331158
808.5861	PC	(16:0/22:5)	0.376633840803854	0.371458813340203	0.369371981654349	0.44555170998572	0.425159544418697	0.41187134401578	0.476994171459332	0.0164491324653273	0.0760237397103474	-0.239961785172009
860.618	PC	(20:1/22:6)	0.0635556125146766	0.0731042201572383	0.0781630514949071	0.064696921464695	0.0610565047455834	0.0332469537911799	0.0484990810518818	0.0672393818178205	0.135328880751317	0.465077595651199
818.6074	PC	(18:1e/22:6)	0.0133561888286949	0.0153364444614834	0.0159390633307626	0.00710958625727575	0.00650912339944961	0.00838229108142402	0.00420858880487656	0.00088269542270711	0.0317034772655637	1.18301138882546
866.6643	PC	(20:0/22:4)	0.000978773504295818	0.00094740383645488	0.000880085441010074	0.00185947594774718	0.0010072456410847	0.00252487904633174	0.00261473673237755	0.0637089879867774	0.131380735991871	-1.09745479842914
820.5882	PC	(17:0/22:6)	0.0463077358589364	0.0402974171116547	0.040368716534758	0.0366859702138732	0.0349076093934987	0.0401155397994978	0.0379476027812294	0.113958044589171	0.183268347828107	0.177912046075717
766.5759	PC	(16:1e/20:4)	0.0393044423448433	0.0573403184262535	0.055732325290107	0.0405590730034392	0.0357433098357008	0.0270905545985579	0.0363276748836012	0.0910085590796199	0.158804408758365	0.540138600507492
718.5403	PC	(15:0/16:1)	0.0511390124706514	0.0453265344096182	0.0442432751652812	0.046903704581673	0.0458735055672617	0.0352021256846919	0.0397243971180115	0.212307093967884	0.295175346774703	0.16183548108832
692.5611	PC	(14:0e/16:0)	0.00353684424608839	0.00501183138644447	0.00468478848451491	0.00424294767326515	0.00394849010799444	0.00246496029827159	0.00482631279564661	0.458595089882919	0.547519345538886	0.188570168109961
726.5098	PC	(12:0/20:4)	0.00346912155565462	0.00329086940934269	0.00326885775238534	0.00472417886339706	0.00431264524069309	0.00239115397649573	0.00443978534616207	0.326451686224436	0.410206054701843	-0.24690529599959
892.6799	PC	(24:1/20:4)	0.000608634638698102	0.000543708447146434	0.000521662570307485	0.00190118049545952	0.00138235324986387	0.00166604019918705	0.00231221436380039	0.00715511858749477	0.0576157801410734	-1.70198297232068
742.5406	PC	(15:0/18:3)	0.0130102054049175	0.0103945367625413	0.0101323854989642	0.0147942558011334	0.0143709449022103	0.016286014787723	0.0153272601219456	0.0317916928492184	0.109017753233476	-0.442763859166659
702.5443	PC	(16:2e/15:0)	0.00050129166886229	0.000456287471658406	0.000452495325427864	0.000349501986156114	0.000310139071136237	0.000291662910180042	0.000219605983594603	0.00321850925719264	0.0465764717741743	0.683178723037975
890.6667	PC	(22:0/22:6)	0.0024412588985863	0.00194383771078006	0.00198565736294798	0.00365023386524699	0.00318063519691638	0.00259467153709063	0.00320525828304408	0.0122596189813825	0.0652332812466158	-0.572372362193751
878.5709	PC	(22:6/22:6)	0.0886052362297455	0.0870618007058091	0.0934890060109816	0.0726170219393591	0.069598540328751	0.0494790580040408	0.0539783223411242	0.0115344276293723	0.0641836573380523	0.546741341538978
788.6186	PC	(18:0/18:1)	0.468929184648028	0.502443666737914	0.497875516764721	0.472245206963785	0.475147722831907	0.442528108006525	0.504859635955723	0.375326522360905	0.463512123603295	0.0480849332349033
834.603	PC	(18:0/22:6)	0.396280288221785	0.421281319470414	0.425671296462458	0.262358048443749	0.258741207592524	0.217992358257723	0.241195514996616	6.46781915310464e-05	0.0156209296658443	0.757857805571202
764.5577	PC	(14:0e/22:6)	0.0615928871240955	0.0649247942360167	0.0578338857924437	0.0583248434244672	0.0658293663410119	0.0325165782862741	0.0445472274586442	0.230486627174919	0.312389107900598	0.288737701234035
734.5719	PC	(16:0/16:0)	0.633242801772198	0.616626627485291	0.607266629594341	0.573909934810485	0.562095308568845	0.540890500596894	0.518219944567616	0.00539659857348937	0.0576157801410734	0.173820038495341
880.5867	PC	(22:5/22:6)	0.0802040180580702	0.0821830677049943	0.0898168730430291	0.0754869329640088	0.0724663933587613	0.0393971126610324	0.0553138851878748	0.0624407179874476	0.130009417645362	0.470666397780837
692.5238	PC	(15:0/14:0)	0.015379969046588	0.0159792988903484	0.0149593484370691	0.0174967066864803	0.0176570448057789	0.00735503372263734	0.0145975611781463	0.664067303778811	0.735766087220225	0.112978571818799
884.6122	PC	(22:3/22:6)	0.00221235186178552	0.00182778761489066	0.00214849181421929	0.00497789170338304	0.00427509503216586	0.00449015935171994	0.00618110526889465	0.00451599216936288	0.0540664618054278	-1.27179574133276
774.5089	PC	(22:6/14:2)	0.000352387555942478	0.000328285191310074	0.000326562271112396	0.000487477851243858	0.000444865185463108	0.000396441265242178	0.000532117544578311	0.0171988670504175	0.0768076037621297	-0.470564116046958
792.5552	PC	(15:0/22:6)	0.0353335084318608	0.0346365330864202	0.0349037145786108	0.0240448462846052	0.0228204542831489	0.0176327933511161	0.0192239967571482	0.00230563230283742	0.0441193727923253	0.740010954716915
814.6338	PC	(20:0/18:2)	0.0925467635720909	0.0895915149432797	0.100470278226484	0.108795258276609	0.104177039267503	0.0792359260211838	0.109879855616019	0.467687874329311	0.554638186434978	-0.0936689176616174
766.5407	PC	(15:0/20:5)	0.0085025512510915	0.00883343852704006	0.00856428544897567	0.00824618381288143	0.00752254900014945	0.00608969820890628	0.00781230569962319	0.077285640508412	0.144826569822285	0.218964178707191
802.6341	PC	(16:1/21:0)	0.00917002739826251	0.00914087578715823	0.00893937891524976	0.0140515500655084	0.0117518607128668	0.0120172249478893	0.0145972932676763	0.0106862556825128	0.0641836573380523	-0.528751690306328
836.6195	PC	(18:0/22:5)	0.0185544061278841	0.0182741475781715	0.0181587211486275	0.025532097419731	0.0255959905198239	0.0178911620900409	0.0276131015988662	0.0724096866889618	0.140579166499741	-0.398370982736469
764.5248	PC	(22:6/13:0)	0.000599641721945227	0.000628658964828824	0.000613379610890193	0.000815896838137365	0.000753264665422575	0.000364284424331443	0.000614654072148399	0.832598717800685	0.870995260611882	-0.0533617561375632
744.5558	PC	(15:0/18:2)	0.0490045596186335	0.036409370609169	0.0373807273683705	0.0442124879861143	0.0434068702412119	0.050841573630693	0.0412837415216741	0.442113478835515	0.530782477376343	-0.13466372364482
858.6017	PC	(20:2/22:6)	0.00824973394418062	0.00679077625278825	0.00752823902050566	0.00717927737854378	0.00676566898864741	0.00654372645045232	0.00637128168751144	0.184853464822064	0.265572811127699	0.163907103270359
840.6504	PC	(16:1/24:2)	0.00238353492768987	0.00197993476349338	0.00224225964188774	0.00174516177312678	0.00171585059596287	0.00298266051259757	0.00245746947553268	0.946625299524403	0.962253547393909	-0.0152351446460692
746.5727	PC	(17:1/16:0)	0.178784147545804	0.156680840591507	0.1539814670489	0.164735025066054	0.158672326260391	0.163944025968158	0.163934622570289	0.970808047794363	0.975333959439092	0.00289732412236558
702.5091	PC	(18:0/12:2)	0.00143624969123613	0.00147702343804354	0.00144934879573733	0.00187250792343116	0.00167946323745692	0.00075753725180916	0.00156117671310738	0.959703750332626	0.968330071128975	-0.0132959287166047
770.5708	PC	(17:1/18:2)	0.0172630156363037	0.017056852632738	0.0166954956531952	0.0214596571648102	0.0202074295271323	0.0196751137689509	0.0175522661026259	0.0417736594691297	0.114988330229575	-0.213954819540984
778.5402	PC	(16:1/20:5)	0.0237461712305238	0.0216542501050376	0.0229058009497113	0.0223724754034488	0.0205466305548516	0.0207532453798664	0.0195218168777713	0.0703654940176952	0.137852399643757	0.130572103412707
800.6198	PC	(19:0/18:2)	0.0150950867534106	0.0140484419917208	0.0140611147962067	0.0152482734418303	0.0140562016383479	0.0145890283935612	0.0168929104254223	0.316710018966407	0.402313122686784	-0.0775250316170839
818.5698	PC	(17:1/22:6)	0.038858672084273	0.0381381400952117	0.0408204157771062	0.0268493200078034	0.0253210143663213	0.0211375367101956	0.0216052670453428	0.000335663602638947	0.0215945736635247	0.726908305700269
852.5561	PC	(20:5/22:6)	0.0492477101591282	0.0603251183580895	0.060282514395448	0.0649887335808587	0.0593258636414971	0.0330553861285507	0.0534697240393309	0.643502061874739	0.71852173230055	0.103197504175388
706.5397	PC	(16:0/14:0)	0.376895034427035	0.416329484519489	0.391875170936273	0.395724219670841	0.382348306390319	0.176402420521764	0.311882397539801	0.216852309680096	0.298755492370704	0.319361356373548
778.5391	PC	(16:1/18:2)	0.0375707294400956	0.0175329283005026	0.0198498047948684	0.026163282703568	0.0264966221025894	0.0585394097659158	0.0327087347290618	0.319294392616048	0.403565639934066	-0.526042758959815
700.4935	PC	(8:0/22:3)	0.000194508028858449	0.00019459437606173	0.000198938445768694	0.000312906473270994	0.00027603625375677	0.000127762200140334	0.000315832431304487	0.256186130904036	0.340790809937159	-0.397168195361315
826.5405	PC	(18:4/22:6)	0.00711459252955997	0.0085044332020797	0.00840711147974151	0.00910527315313173	0.00832051969833739	0.00507500454384562	0.00841630718654763	0.794309550703681	0.842314050944746	0.0512370021731241
704.5244	PC	(16:1/14:0)	0.0819867671743235	0.081436085596859	0.0815351055524689	0.0703974561919104	0.068301067385483	0.0286630156463004	0.0509620138240294	0.0679335949223235	0.135328880751317	0.581103884033504
720.5558	PC	(15:0/16:0)	0.0674038672073712	0.0649051786189602	0.0600799162677105	0.0644533115810724	0.0656363135431599	0.0501643976777433	0.0601673296350477	0.376499104449568	0.463631754336468	0.0934984980267709
776.5254	PC	(22:6/14:1)	0.00480927583067749	0.00429295783361781	0.00445916125329049	0.0043537196584344	0.00387811595894591	0.00311125344162646	0.00396784942984449	0.074514043072367	0.143908242334614	0.239980364200019
566.3842	PC	(4:0/16:0)	2.73590387019828e-05	3.84000664218308e-05	5.00484056897864e-05	1.96252812864736e-05	2.02819779131331e-05	1.32632054912998e-05	1.12572892613115e-05	0.0621425374958379	0.130009417645362	1.26101211684724
832.5856	PC	(18:1/22:6)	0.906553137890663	0.857895121823816	0.900784191574659	0.738908325656662	0.725811582765551	0.630457219158694	0.587762696012809	0.00560793267206419	0.0576157801410734	0.405484167693193
780.5551	PC	(25:1/11:4)	0.58220612458027	0.627642976311899	0.63816209538926	0.533560530536792	0.491516774227138	0.476168492529121	0.519021218766023	0.00647133106751201	0.0576157801410734	0.286465012006847
844.6817	PC	(18:0/22:1)	0.00543695117252038	0.00443210864117848	0.00443967492986326	0.0126252443577313	0.0115274238727024	0.00786040664155612	0.0114064290748587	0.00682187016016794	0.0576157801410734	-1.18640963773206
748.5887	PC	(16:0/17:0)	0.0169717323267471	0.0116311821680012	0.0117583904300762	0.0120179187592223	0.0120125004340298	0.024095043107757	0.0155892083454181	0.495123546665495	0.578315036891133	-0.243615280668091
856.5835	PC	(18:1/22:5)	0.0346349993279969	0.0324122281998091	0.0329472964841193	0.0648175612681451	0.0608917097564596	0.0444639966632538	0.0575860066355121	0.0117670023496538	0.0641971900341873	-0.772551306241049
806.5711	PC	(18:1/20:5)	1.46220304258443	1.63929631321969	1.68641506271089	0.981976633246216	0.960552634354216	0.759568403456265	0.771714233914139	0.000802123140378121	0.0317034772655637	0.877915225202957
740.5246	PC	(11:0/22:4)	0.00163673818665769	0.00145353519871519	0.00142252204810552	0.00195108479312258	0.00188340146218753	0.00163985181062821	0.00201119770541802	0.0175886330134977	0.0768076037621297	-0.31504669828189
762.5438	PC	(14:1e/22:6)	0.000613311812657126	0.000736150533993588	0.000825642808073691	0.000245941695189075	0.000254287971018203	9.71749254971757e-05	0.000142618975603488	0.00282942637706752	0.0465764717741743	1.97047952687008
816.6502	PC	(20:0/18:1)	0.0660043687527803	0.0639633803643591	0.0595932857591501	0.0982149844982735	0.0985874045041064	0.0710753353104841	0.125490574256793	0.0486650772163362	0.115607202046084	-0.638180754418808
862.635	PC	(20:0/22:6)	0.0436403845890685	0.03784750695413	0.0420703325301731	0.0490709941604669	0.04917418952052	0.0342896106848424	0.0450681267762986	0.454190220883992	0.543766625558335	-0.10842677138993
716.5237	PC	(11:0/20:2)	0.00477264811462298	0.0068677291690681	0.00695372563490676	0.0045385556885735	0.00445250714686465	0.00150276104134162	0.00355729387917508	0.0460807630091914	0.115147245088706	0.819197745066952
744.591	PC	(16:0e/18:2)	0.00160950237051487	0.00228992027470438	0.00249914212693617	0.00131404446358989	0.00129296176379119	0.00140443766959151	0.00203578220672551	0.132270899413228	0.203602705882505	0.496512315601942
798.6021	PC	(19:1/18:2)	0.00684395395682677	0.00473626766836	0.00511985123597932	0.00614076601646078	0.00528956214522222	0.00916058000509447	0.00765589590872069	0.222175021985368	0.303991855478392	-0.343195749740594
716.5601	PC	(14:0e/18:2)	0.00616864179775695	0.00657150158426587	0.00661474778859671	0.00561872071829418	0.00529317417203426	0.00365267658542984	0.00528634756105416	0.0384350772319973	0.113493303068209	0.37852989361362
772.5868	PC	(17:0/18:2)	0.0934476958305804	0.0797104564938499	0.080306955307506	0.0893084592002196	0.0853384483347477	0.0918536123327782	0.0893488527720424	0.426397177482698	0.514782026596759	-0.0744420357875044
738.5081	PC	(11:0/22:5)	0.000426459784553461	0.000411315410473631	0.000409498673896844	0.000778687848152945	0.000743150710055148	0.000517408829313507	0.000963765328319962	0.0350574221498433	0.111924066270981	-0.852594806236594
792.5914	PC	(16:0e/22:6)	0.139599691813255	0.166121386539685	0.181515589400885	0.0662128283653087	0.0627483703151321	0.0569566761860849	0.053892825936395	0.0108887792151709	0.0641836573380523	1.43776417292449
752.5253	PC	(14:0/20:5)	0.0176236684510677	0.0190088832715608	0.0188503670853852	0.0197847514122419	0.0177254663404435	0.0103317682209511	0.0164445574901916	0.3218784263709	0.405642110426485	0.202564402762216
768.5914	PC	(16:0e/20:4)	0.0055889910394705	0.00715517479470378	0.00714586514929917	0.00374755071827423	0.00348938762564539	0.00464050636052855	0.00378605769430812	0.0192450409533325	0.0810223777447272	0.759676183833639
806.5698	PC	(16:0/22:6)	0.352374282423577	0.3419262387623	0.36679647377864	0.312177042937293	0.291853174446666	0.248710304554187	0.273650245828887	0.00721868243066812	0.0576157801410734	0.328886624053283
786.6016	PC	(18:1/18:1)	0.857875933468527	0.721723346676063	0.749827873911321	0.863531546037491	0.811428058693226	0.834974434879068	0.827300333384118	0.296066049660579	0.382897027636405	-0.103640295718441
794.6072	PC	(18:1e/20:4)	0.0277807546618526	0.0353372230289153	0.0370591846849929	0.015346628540001	0.014495038739121	0.0154533690225208	0.0148058663322645	0.022652304513929	0.0903994744954018	1.15213258716949
702.5083	PC	(12:0/18:2)	0.00068777083222119	0.000670735582686209	0.000643345358990287	0.000878019720969578	0.000885916532654721	0.000425147826990338	0.000733856415057898	0.598581997147995	0.678918002028383	-0.131047805716458
732.5555	PC	(16:0/16:1)	1.31105038293717	1.29151316496721	1.29905912614569	1.24388502154779	1.17886465162344	0.810445164816158	1.04818466912615	0.0951986982335222	0.162819995788286	0.281036037336851
774.6039	PC	(16:1/19:0)	0.0636906466659919	0.0480304095098971	0.0477034828960832	0.0612601543771198	0.0609042361553917	0.083276159346197	0.0757798501928628	0.0761573715132193	0.144598357366509	-0.403790043703929
856.5853	PC	(20:3/22:6)	0.0280360020379267	0.0158182229279044	0.0198130624701437	0.0203713681296843	0.0198284993024632	0.0291724458717891	0.0217880309567098	0.730892260535638	0.789388954539109	-0.102816574498463
572.3367	PC	(10:0/11:4)	2.55260895875466e-05	2.37963612735813e-05	2.89118883449583e-05	6.66318704440949e-05	5.04117059461955e-05	5.57046824796685e-05	6.498724849771e-05	0.0015053248772246	0.0357944068936217	-1.18844600587943
830.6646	PC	(16:1/23:0)	0.00144664723136954	0.00129992664764588	0.00125486452180564	0.00322959079080831	0.0025796473829734	0.0027680410743387	0.00377599018667882	0.00580400882085526	0.0576157801410734	-1.21126481360992
794.5703	PC	(17:1/20:4)	0.0320802672456316	0.031070280476133	0.0313223697590289	0.0297291698372634	0.0278593455737084	0.0263782058364276	0.0285047513737617	0.011215777083851	0.0641836573380523	0.163451094893584
768.5552	PC	(15:0/20:4)	0.00488739831002928	0.00401479607772895	0.00393720827036184	0.0046320553848683	0.00464168156513419	0.00585452293639031	0.0055549176129035	0.0990773689917494	0.167591485654742	-0.272842256737737
724.4931	PC	(10:0/22:5)	0.000776364817754432	0.000830572359585447	0.000909190132865294	0.000915832825505623	0.000751245960736097	0.000500739610677125	0.000893283819159564	0.515804907085468	0.597612674607088	0.132191200339529
848.6141	PC	(19:0/22:6)	0.00257381507891704	0.00323955920458068	0.00286047407774282	0.00262306077862511	0.00259882920813884	0.00176295417255878	0.00316277370381979	0.356002180215557	0.442181382342666	0.188640529364143
550.3523	PC	(8:0/11:1)	2.71333203333852e-05	2.11397552450143e-05	2.95071022804553e-05	6.95225186676807e-05	6.42697212076916e-05	4.36199608960416e-05	7.65981948232496e-05	0.00916669821336626	0.0641836573380523	-1.29237560358721
750.5091	PC	(12:0/22:6)	0.00072695834250768	0.000733690370899108	0.000775821708885162	0.000808968552857801	0.000653182482826969	0.000530809526240836	0.000701419431198236	0.305052297513829	0.390141068927182	0.146307846901616
728.5253	PC	(10:0/22:3)	0.00972416962373765	0.0046980558835229	0.00542578569726556	0.00674850364380968	0.00642701047674829	0.00854738919711771	0.00773102945644039	0.686918107060921	0.757191059189915	-0.154428325676255
688.5296	PC	(12:0e/18:2)	0.000138026199880966	0.00016769836408187	0.000145769461120973	0.000102198500733478	0.000103296634931619	5.47024227733318e-05	8.35881619114005e-05	0.00656164123343353	0.0576157801410734	0.808234773402201
690.5076	PC	(16:1/13:0)	0.00117069180028378	0.00128968663489469	0.00119118576678084	0.00165067333040374	0.00162355416080119	0.000650116373595622	0.00132203479712593	0.714300499930638	0.779401304987608	-0.107769843524775
804.5534	PC	(16:0/20:4)	0.020542312270599	0.0212309412568408	0.0199099135856586	0.0368428789921727	0.0341079035298238	0.0346965614239362	0.0376935872610118	7.24869126025257e-05	0.0156209296658443	-0.801464385542369
828.6501	PC	(15:0/24:2)	0.00115613346674435	0.00147892019516264	0.00144608527581672	0.00411147570912382	0.00230087096331492	0.00242830487392911	0.00405928645389632	0.0305508359771666	0.107929592673433	-1.24528290104635
776.523	PC	(16:1/18:3)	0.0269074831314224	0.0245627516161579	0.0242611534163701	0.0171131471285387	0.0167043159193073	0.0183631003326221	0.0158076613231422	0.00187820761477633	0.0385479753318381	0.570643974153746
736.5308	PC	(12:0e/22:6)	0.00068491506542185	0.000885471647947989	0.000804904444291574	0.000664829061712088	0.000602876403346391	0.000217358793323539	0.000551019809633745	0.0628407243638922	0.130213231734796	0.637344735583275
850.6344	PC	(19:0/22:5)	0.00113343415360032	0.00119957288545312	0.00120512392959609	0.00230351280565375	0.00156054421222359	0.00173865632829837	0.00293204600585676	0.0536440750757267	0.121050242710148	-0.855325523695194
790.5766	PC	(16:1e/22:6)	0.0154719491869632	0.0195850765433248	0.0169905668253634	0.00881680753382435	0.00965693989291107	0.00580024420264155	0.00602978310925016	0.00256868126927622	0.0461292344607521	1.19537142119227
802.5376	PC	(16:0/20:5)	0.121532356853168	0.122249413599855	0.122445561489944	0.123531368282375	0.116612635360946	0.111409503093025	0.108043508554608	0.1230141447277	0.1920981752813	0.0874075354447952
842.6663	PC	(16:0/24:2)	0.0053706614184782	0.00660444215450603	0.0063941560025424	0.0119679325776383	0.00957979502840721	0.00778988830668006	0.01380054134465	0.0339966838545985	0.110169704822045	-0.816633574843068
882.5977	PC	(22:4/22:6)	0.0286306871947453	0.0269378246810139	0.0310110334138804	0.033238353698613	0.0313959769964694	0.0212968999064221	0.0308887106751515	0.911918391085693	0.933579160470151	-0.0171509366571229
688.4929	PC	(11:0/18:2)	0.000309801671514445	0.000484993914022856	0.000507116447863096	0.00101929174003431	0.000835854456210641	0.000264917985140109	0.000855853715843527	0.157187449160359	0.233613070993498	-0.777665252240936
760.5864	PC	(16:0/18:1)	2.83398376838683	2.93423576370585	2.88784453625237	3.12594386634583	2.96949859862732	2.39852674947905	3.06055612823226	0.985683296246736	0.985683296246736	-0.00163741364915408
738.5459	PC	(14:1e/20:4)	0.00204281598996799	0.00307516142412163	0.00279405604413022	0.00284212674351749	0.00268489441944403	0.00149380828870773	0.00321839799587085	0.87886160925652	0.910551330744135	0.0430510636200616
836.6179	PC	(20:1/20:4)	0.105067045158199	0.107074701159191	0.10750481561679	0.099032543725818	0.0961859010236572	0.0872125165326797	0.108924186385852	0.145617805348953	0.220025134249601	0.123036654403903
718.5758	PC	(14:0e/18:1)	0.00316972910169728	0.00422732741276561	0.00380102247552643	0.00247834625821931	0.00306027103640764	0.00140656900916814	0.00226574990404162	0.0269476494463451	0.10064932384843	0.696869055383955
824.6167	PC	(19:0/20:4)	0.00117892774362407	0.00118847325191713	0.0011437832127487	0.00210751247460746	0.0015721536082083	0.00181317377178829	0.00211178970278846	0.0106781760878872	0.0641836573380523	-0.699882785965414
810.6016	PC	(18:0/20:4)	0.0925964463769071	0.0882930259086357	0.0868764931249982	0.0855766436246728	0.0827158820125906	0.108831277369515	0.0941904623790047	0.594394495060381	0.677107665562581	-0.0566306458433625
