class	nfur.D6d.1	nfur.D6d.2	nfur.D6d.3	nfur.D6d.4	nfur.Dexit.1	nfur.Dexit.2	nfur.Dexit.3	nfur.Dexit.4	pvalue	padj	FC
PG_LongChainFA	0.907036310216207	0.852218585981651	0.736456332592315	0.936456305020388	0.246751155935974	0.32578227624829	0.175123935491212	0.307969652287502	6.00467176950624e-05	0.000955240764521594	1.7010197929296
PG_MUFA	0.0121839437808704	0.0133302523013449	0.0123497624100342	0.0110000671309079	0.0116739604925857	0.0133358882797606	0.0110973713419183	0.0127152773270635	0.988558085996165	0.988558085996165	0.00122662786456076
PG_PUFA	0.0124890160888397	0.0163047300512473	0.0140126455591991	0.0122839033102746	0.00888865092738747	0.00934906659990255	0.00885078623061032	0.00920133201979797	0.0140244069669905	0.0222053110310683	0.602232660374817
PG_PUFA_5	0.000871549234097796	0.0015813596456031	0.00121795959661168	0.000839818605066324	0.000796383336453776	0.000813690329697135	0.000898228729148422	0.000835060563174566	0.191487933199903	0.222184472109811	0.432047222131292
PG_PUFA_6	0.0116174668547419	0.0147233704056442	0.0127946859625874	0.0114440847052083	0.0080922675909337	0.00853537627020541	0.0079525575014619	0.00836627145662341	0.00886477614842181	0.0158523055830602	0.618431832306719
PG_SFA	0.894852366435337	0.838888333680306	0.724106570182281	0.92545623788948	0.235077195443388	0.312446387968529	0.164026564149294	0.295254374960439	6.28447871395785e-05	0.000955240764521594	1.74864900156193
PG_VeryLongChainFA	0.0124890160888397	0.0163047300512473	0.0140126455591991	0.0122839033102746	0.00888865092738747	0.00934906659990255	0.00885078623061032	0.00920133201979797	0.0140244069669905	0.0222053110310683	0.602232660374817
PE_EtherLinked	2.09893215246583	2.05744686262514	1.7564290615559	1.8611671548458	1.50288939017909	1.57709903840699	1.52039834032288	1.5644763538443	0.0135614369338774	0.021929132063291	0.334583648033872
PE_LongChainFA	5.96129459468086	5.97616359919547	5.48405093731744	5.6375387326966	6.43315094933143	6.72480297820794	6.22761878382048	6.81317666548872	0.00508227594180997	0.0109157819513804	-0.184165001347164
PE_MUFA	1.08002052058692	1.18882594410637	1.15077197000469	1.08598198128357	1.65246083524612	1.67149970108348	1.52511023959506	1.71457780105222	0.000110367395622397	0.00112730043689793	-0.542778625581403
PE_MediumChainFA	0.00472459031371833	0.00469651915449068	0.00420698176336002	0.00590305655752402	0.00198819735887964	0.00273080189004839	0.00175381271288312	0.00229505832354934	0.00150725383933789	0.00467556293019099	1.15547837484959
PE_PUFA	4.8149478828882	4.94112091830654	4.50225405566269	4.49341658430347	5.62432570173246	5.79618762989396	5.50326711838056	5.88638753057021	0.000507350121617648	0.00226148630480181	-0.282652642605186
PE_PUFA_2	0.300803260140141	0.363181988218106	0.324079389226275	0.283128637743152	0.346088777580175	0.330995459844527	0.328859095127891	0.332406970211761	0.407661169616448	0.449018099867392	-0.0742723816988596
PE_PUFA_3	0.0357598333025059	0.0350331023173197	0.0405044404380542	0.0390042480569722	0.0774759161017779	0.066392811869188	0.0698084721926727	0.0682153782385213	0.000126882757264647	0.00112730043689793	-0.907284896817366
PE_PUFA_4	0.154136956868442	0.169201695703847	0.150453555350024	0.152383008335003	0.199501337840213	0.2122091276419	0.194992595609768	0.216165704471084	0.000344156942140412	0.0018038570760463	-0.394095953791173
PE_PUFA_5	0.762246754235834	0.688898324531849	0.562473005169487	0.701442073283203	0.690798504216184	0.732897167738916	0.664106543547602	0.719706876330889	0.633562372425496	0.659599182251201	-0.0483065306725845
PE_PUFA_6	3.56200107834128	3.68480580753542	3.42474366547885	3.31745861688514	4.31046116599411	4.45369306279943	4.24550041190262	4.54989260131795	0.000168436921584504	0.00112730043689793	-0.327961865650493
PE_SFA	2.15135390304135	2.14843652362383	2.07299564810681	2.08222974811581	2.55078506704992	2.73710585333719	2.48366809432406	2.78897868045687	0.00371239419667882	0.00854975633174517	-0.320803932481832
PE_VeryLongChainFA	3.95696175591511	4.08500664730903	3.75564906635584	3.67270378671738	4.64467929968043	4.81853664886563	4.56216190957996	4.90575237667047	0.000460124255181548	0.00211936020568471	-0.291257389970359
LPC_LongChainFA	0.0847673931696186	0.0786761530400508	0.0747270436973261	0.0907527489414068	0.022573150097945	0.0281665151111212	0.0283422906742592	0.0269955324667778	0.000150668712445575	0.00112730043689793	1.63263285708585
LPC_MUFA	0.0272332094771088	0.0296455284970126	0.0269654592080453	0.0310418668617953	0.00919858547002844	0.0107985271830137	0.0136315207788728	0.0109470097344841	1.27098063128456e-05	0.000735425453462333	1.36587628696067
LPC_PUFA	0.00473885203892888	0.0049112103788052	0.00500092868099583	0.00648316705359985	0.00189046992236256	0.00204778232871176	0.00322404631899815	0.00268263016440986	0.00178684322738869	0.00517475781901461	1.10212397801851
LPC_PUFA_2	0.00111950070236854	0.00151050885239869	0.0012797552182404	0.00145525783982959	0.000406955309424062	0.000486428861601493	0.000479741235973131	0.000476665276558139	0.00163172822745341	0.00486319001123369	1.53622222257194
LPC_PUFA_5	0.000357176828433332	0.000330272390054223	0.000320779482134582	0.000455935248967354	0.00017737869571459	0.000188331028249554	0.000295143327713606	0.000226283390529064	0.0127503094314154	0.0210657286258168	0.722849194065303
LPC_PUFA_6	0.00326217450812701	0.00307042913635229	0.00340039398062085	0.00457197396480291	0.00130613591722391	0.00137302243886071	0.00244916175531141	0.00197968149732266	0.0066626565814284	0.0133253131628568	1.00900071943163
LPC_SFA	0.103087542732971	0.0948518865156729	0.0885027041519468	0.104106979102162	0.0300336709600276	0.039750503486378	0.0314873779577038	0.0401009114846992	1.93533014069035e-05	0.000735425453462333	1.46600283856391
LPC_VeryLongChainFA	0.0502922110793901	0.0507324723514399	0.0457420483436619	0.0508792640761507	0.0185495762544736	0.0244302978869823	0.0200006543813156	0.0267350189168154	6.21802243050636e-05	0.000955240764521594	1.13948880089341
DG_LongChainFA	44.7064253032382	65.836819110427	36.3953236155537	40.6225119601658	11.1980987866957	13.7565756900247	7.71808402936964	13.0752566641993	0.0105652341985691	0.017695308829491	2.03557943443029
DG_MUFA	0.349751676731942	0.371602484654565	0.388142801467041	0.400157905752839	0.374495455147994	0.355639852561735	0.269422194602475	0.370816701191667	0.265207231867408	0.300832083909298	0.139648865050069
DG_PUFA	0.28419271532656	0.290002132065892	0.312538954974187	0.307298324854711	0.381057623803689	0.350538241943987	0.292654017842635	0.375640227754456	0.079234009236845	0.0979151984065076	-0.229471927861695
DG_PUFA_2	0.0104489207778974	0.0123835183369108	0.0121568980536583	0.0138947864508418	0.0127974109166176	0.0112458930952087	0.00742327946507399	0.0112769426709795	0.305833566729774	0.344345941799449	0.193660060069443
DG_PUFA_4	0.0325265430648217	0.0346313921407148	0.0299256615575909	0.0322489111985237	0.0578397753922736	0.0538616975551119	0.0499113029740349	0.0525005315619605	0.000130194798989984	0.00112730043689793	-0.727289519549093
DG_PUFA_6	0.241217251483841	0.242987221588266	0.270456395362937	0.261154627205345	0.310420437494798	0.285430651293667	0.235319435403526	0.311862753521516	0.17494254675659	0.204548208515398	-0.170229019423369
DG_SFA	44.4575101951681	65.5604624447955	36.0576283083073	40.3082949161665	10.7807440854201	13.3747244401417	7.41105170121995	12.675626218	0.0105885471774918	0.017695308829491	2.07478392619585
DG_VeryLongChainFA	0.385029283988496	0.385247951088878	0.362986449194867	0.393239186608192	0.338198377676036	0.324326844622664	0.25504388429542	0.346826482746842	0.046193835108633	0.0656211489393665	0.271782395077797
PC_EtherLinked	0.353682034993962	0.341692734496478	0.327231270663682	0.356572504637988	0.401943254848518	0.426804326028432	0.403118904316115	0.429017591535553	0.000410011422980583	0.00194755425915777	-0.268142145880664
PC_LongChainFA	22.6113386039351	22.4852184262523	21.9651735108444	22.5642392919283	18.8163982805228	20.2443573759327	18.4180765910563	20.2539101525158	0.00569170497543645	0.011851221318717	0.205394409934955
PC_MUFA	11.053562000365	10.9980386278543	10.7719101932685	11.0648257475157	8.89013773633126	9.54698308601781	8.60167923076409	9.57582759575204	0.00331334419220764	0.00812303737444453	0.261417466539787
PC_MediumChainFA	0.532452646243168	0.378335315433483	0.354139978827721	0.539504091040238	0.591574616264034	0.587013295607612	0.585770185085981	0.571258157386102	0.0734934131388651	0.0915655639107172	-0.372258454947193
PC_PUFA	5.79054743539244	5.31826196770498	5.36032902073213	5.79988531316936	5.72506382975166	5.87547024018063	5.48488333249831	5.84338524842371	0.344627242231885	0.385171623670931	-0.0421227064317281
PC_PUFA_2	0.384278065135967	0.390949772491285	0.395284268141379	0.407945465366035	0.338412685418782	0.359829525087977	0.336971267407734	0.352169063196376	0.000701014431332491	0.00273215880929586	0.18614984673262
PC_PUFA_3	0.0706720232411739	0.0641655831570204	0.0734174791246845	0.0795075326737347	0.0950303428722915	0.0864331997141078	0.092624847787598	0.0861242609758941	0.00460025444295362	0.0103239529900136	-0.323969661365178
PC_PUFA_4	1.06515719753266	0.921194538228684	0.875319151800952	1.09521194687878	1.03646500849998	1.07430667789466	1.00712469381985	1.03360206435993	0.437906081492653	0.472400261910995	-0.0692678108337655
PC_PUFA_5	1.95871561719913	1.72098605987479	1.71575050751731	1.92638172094711	1.92817729094467	1.99442599594175	1.79875443161583	2.01361465553796	0.254023903653094	0.290313032746393	-0.0791910922630189
PC_PUFA_6	2.31172453228351	2.2209660139532	2.30055761414781	2.2908386473037	2.32697850201593	2.36047484154213	2.24940809186731	2.35787520435355	0.246195259541043	0.283497571592716	-0.0267338152191031
PC_SFA	9.59952988676731	9.55074785833759	9.20556353205247	9.53784523432968	7.84207522600138	8.50109822860296	7.81883153630682	8.45176183381145	0.00238306644782401	0.00613942542490254	0.216476421086106
PC_ShortChainFA	3.17278585302536e-05	4.16716458282266e-05	5.00889612621628e-05	4.07788852675193e-05	3.4402322672766e-05	2.85541354988481e-05	2.7292502787519e-05	3.97228736142546e-05	0.122729165903426	0.144611110211789	0.337846745345671
PC_VeryLongChainFA	3.65166052473627	3.34300823811738	3.34367416833323	3.65335413767809	3.4496054727308	3.51757155369524	3.30291977301996	3.47335932825553	0.567184158844574	0.594565463064657	0.025826108555066
MG_LongChainFA	611.250716948116	437.556835065208	430.002828992397	620.289519167468	165.511049866439	226.649178841692	145.808521770598	283.763834026507	0.00365047304918083	0.00854975633174517	1.35302994807615
MG_MUFA	31.5481817748062	25.5064978621441	23.638091660825	29.3873782552416	9.64629400452548	13.129376240207	8.04820975473151	16.1707945322835	0.00083303203830691	0.00301478261482501	1.2279851511857
MG_PUFA	210.359799726766	142.61961854698	138.653048060978	204.793778538229	59.6070266463532	77.3582535766567	53.7474721265329	98.863964099577	0.00713074435778183	0.0136962501684712	1.2660249655624
MG_PUFA_2	210.359799726766	142.61961854698	138.653048060978	204.793778538229	59.6070266463532	77.3582535766567	53.7474721265329	98.863964099577	0.00713074435778183	0.0136962501684712	1.2660249655624
MG_SFA	369.342735446544	269.430718656084	267.711689270594	386.108362373998	96.2577292155608	136.161549024828	84.0128398893335	168.729075394646	0.00292573402613765	0.00729035363890038	1.4137325846803
TG_LongChainFA	22.1793907645495	6.57272876362361	19.9256265041299	35.1018394308051	3.36858188192204	4.42507391878336	3.86302226666326	4.58565973932066	0.0628298113439653	0.0815533625818225	2.36683944710332
TG_MUFA	10.9177708284088	3.13205202758253	9.89629581403845	17.2374805076873	1.62302447675189	2.14110073013792	1.88865352311869	2.25911682128354	0.0633111630569411	0.0815533625818225	2.37997463197854
TG_MediumChainFA	0.0129350883076375	0.031811967400464	0.019283108701105	0.0171511416495108	0.00650711999920932	0.00665469773681438	0.00341888341740597	0.00679033343456097	0.0352044335523472	0.0519521737859881	1.79642594984788
TG_PUFA	11.1239711153195	3.27852597986583	9.45884176618023	16.9448268086443	1.65093155769755	2.22146571423854	1.95563541490806	2.34434983645318	0.0621401589491156	0.0814250358643583	2.31995851613871
TG_PUFA_2	0.518668188182055	0.140536624903082	0.50419476560393	0.844748117851601	0.0819951329554397	0.109444908968136	0.0947953662098693	0.108540146432055	0.0675091384098859	0.0862301599857366	2.34676081886609
TG_PUFA_3	1.61412728116647	0.397400991346505	1.48744962212492	2.8918302223972	0.249740548881249	0.319930732205223	0.304139966362547	0.325273045880057	0.0844314764066691	0.103496648498498	2.41406529033309
TG_PUFA_4	0.772616703328302	0.159899832206431	0.626009036942415	1.33128288337809	0.104303953404098	0.133422264983984	0.133322204247582	0.147555624993487	0.091070500564493	0.110741728686424	2.47826849888064
TG_PUFA_5	2.92973519528477	0.890096925285453	2.32949876223534	4.10397153470846	0.397933283013385	0.546001550088364	0.470558477059915	0.596597510329639	0.0537063542112618	0.0740012073255209	2.35003851249277
TG_PUFA_6	5.28882374735788	1.69059160612436	4.51168957927362	7.77299405030893	0.816958639443375	1.11266625799283	0.952819401028144	1.16638350881794	0.0557045069378479	0.0742726759171305	2.25033851709371
TG_SFA	7.83962745260878	2.64064157258318	7.03912876605001	12.109311323642	1.25528884072724	1.64184330812136	1.36751260966522	1.65485028816712	0.0549762310910265	0.0740012073255209	2.3234497519244
TG_VeryLongChainFA	7.68904354347993	2.44667884900747	6.44935673343772	11.172628067519	1.15415587325542	1.57268113597765	1.3453603976113	1.66586687314861	0.0547999120634399	0.0740012073255209	2.27425237025878
PI_EtherLinked	0.0322037196706017	0.0314598577122902	0.0326426013120043	0.0309397810652443	0.0310870844035952	0.0320601563373206	0.0277478413343992	0.0324980764959942	0.448762730680512	0.480365739883365	0.0443574417069487
PI_LongChainFA	1.87517489394261	1.9088791402457	1.80847978285301	1.85348702796866	1.62657781105142	1.70472740964737	1.61490807444061	1.73260637899897	0.00229337403426065	0.00601022160702791	0.156876492524956
PI_MUFA	0.0435290686653132	0.0339405597755095	0.0334866964507649	0.04105964008702	0.0561961810556985	0.0601898596625835	0.0679768116778904	0.063897584251735	0.000520736978079365	0.00226148630480181	-0.707631522699707
PI_PUFA	1.15255724666673	1.14486649694578	1.08954980542026	1.11731751501664	1.08364870260302	1.13893795758419	1.09415320002621	1.16282680325683	0.802194522465131	0.823875455504729	0.00794087823764985
PI_PUFA_2	0.000293701121024905	0.000285181946885821	0.000232918458360937	0.000256721120137794	0.0019227308383274	0.00174366587755843	0.00228849600351497	0.00199404979633523	0.000540693105350583	0.00228292644481357	-2.89514545983711
PI_PUFA_3	3.67372170683723e-05	2.88371920875738e-05	6.17784403104342e-07	1.00915355821984e-05	0.00105524784658737	0.000868961890916632	0.000917751819309887	0.000906625929202216	0.000118374633041849	0.00112730043689793	-5.61882789076788
PI_PUFA_4	0.609649423643896	0.664256347945332	0.626678804255262	0.621879004699744	0.454437513413721	0.474196816538589	0.427965265036653	0.475639117917126	4.12657047951931e-05	0.000955240764521594	0.461225962822757
PI_PUFA_5	0.221778218509484	0.204604739494005	0.184916322176702	0.209689827176604	0.149773663893157	0.160407109766151	0.138803070929069	0.160551458482771	0.00194400718481773	0.00537252894713264	0.429653299584827
PI_PUFA_6	0.320799166175254	0.275691390367466	0.277721142745536	0.285481870484572	0.476459546611229	0.501721403510979	0.52417861623766	0.5237355511314	8.53733034998258e-06	0.000735425453462333	-0.804958257866764
PI_SFA	1.11632184510365	1.10994654982245	1.05380174594537	1.08316078735092	1.03243940933711	1.08705444475761	1.04497519160036	1.10941736162852	0.369738268237415	0.410220560380198	0.0298482676555576
PI_VeryLongChainFA	0.469436986163678	0.411334324010328	0.40100106627539	0.418990695551161	0.576793566348007	0.613515008694345	0.619944970198247	0.636033446634114	9.79425491771746e-05	0.00112730043689793	-0.524411489282217
PS_EtherLinked	0.375583527748981	0.491376436357643	0.378149609565003	0.329945112111111	0.239861852095595	0.246251205976652	0.185396343254594	0.224935063399195	0.0105939019966032	0.017695308829491	0.81311580459896
PS_LongChainFA	18.8390862497018	21.1693466757762	18.9323215425176	17.7808778534472	13.878198901551	13.8511695177724	11.8693565902827	12.8935927489129	0.000724187656920544	0.00275191309629807	0.547527115250191
PS_MUFA	1.06977390092546	1.20137054020319	1.11057428428325	1.03261421502687	0.941856838441366	0.963054381816884	0.833135489647141	0.906723029131012	0.00661825077025161	0.0133253131628568	0.276367771393954
PS_MediumChainFA	0.010762856522607	0.0158573266800528	0.0150476630277771	0.013189882757526	0.0079843705638811	0.00634977790566591	0.0057945028910191	0.00665333094810159	0.00461861054816396	0.0103239529900136	1.03443215056774
PS_PUFA	5.97969534103717	6.6476558308192	6.00472804661289	5.68282434154113	5.15024929544736	5.29474925844086	4.74509628400892	5.15132682567582	0.00897275899995318	0.0158588298603824	0.257420356649331
PS_PUFA_2	0.347516302983646	0.450347870578976	0.383744219231015	0.3300147544934	0.307675116063714	0.32753274480182	0.20830466522772	0.305962984270852	0.0535238608218621	0.0740012073255209	0.395122785989463
PS_PUFA_3	0.77767462279213	0.933762607718234	0.794943945876104	0.738042257791941	0.530909739917115	0.566268893404483	0.389605216238049	0.541410814274031	0.00201498823209709	0.00546925377283495	0.677765992735576
PS_PUFA_4	0.127286579401179	0.163072237905762	0.145511507414554	0.126508283060895	0.117515397087966	0.117516587743563	0.0974483240867983	0.113299802511126	0.0350656398200464	0.0519521737859881	0.335209465139702
PS_PUFA_5	0.678949522569611	0.656385834667535	0.557868069225068	0.636128186126633	0.484434469927916	0.502348198551971	0.449488966671439	0.485466809058961	0.00586791211047511	0.0120530086593543	0.396344203258209
PS_PUFA_6	4.04826831329061	4.44408727994868	4.12266030486615	3.85213086006826	3.70971457245065	3.78108283393902	3.60024911178491	3.70518641556085	0.0374615258826472	0.0547514609054074	0.154360684987476
PS_SFA	18.5629579465014	20.9850405928509	18.7030618582756	17.3846364055834	13.3016256311293	13.221522018044	11.3770422848276	12.1964418078791	0.00081247851018305	0.00301211545238594	0.594353678561796
PS_VeryLongChainFA	6.80772263388984	7.69428920559297	6.90602117093929	6.34605058638242	5.54818659474637	5.6641381657622	5.12890512467497	5.39496472205147	0.00768976369504089	0.0140824588150146	0.352600670616727
LIPID_CLASS_Cer	7.25294275816149	6.45938140928023	3.80225977009285	5.99802514023995	1.40137959126679	1.91886836196901	1.01277965834675	1.84545686352027	0.00727775178083483	0.0136962501684712	1.92810972966343
LIPID_CLASS_ChE	0.0039474673518277	0.00693689102010184	0.00729512127889138	0.0122881679731757	0.00620526247434229	0.00846743052351766	0.0156222129916193	0.00789985245074559	0.502827267553968	0.530762115751411	-0.326096551977271
LIPID_CLASS_DG	22.5457272936133	33.111033530758	18.3791550323743	20.507875573387	5.76814858218587	7.04045126732369	3.98656395683253	6.71104157347307	0.0104791523465841	0.017695308829491	2.00794105864627
LIPID_CLASS_Hex1Cer	0.526082551156763	0.650146613801597	0.598101937354212	0.532758125162067	0.264780027517242	0.284390399848947	0.217817165916967	0.281390724185343	0.000369178608737753	0.00181016608155286	1.13791438052171
LIPID_CLASS_LPC	0.135059604249009	0.129408625391491	0.120469092040988	0.141632013017557	0.0411227263524186	0.0525968129981035	0.0483429450555747	0.0537305513835932	1.73939429185305e-05	0.000735425453462333	1.42729405673479
LIPID_CLASS_LPE	0.271044562323569	0.138370772995961	0.153746879905402	0.15050453071901	0.060059644607393	0.0631042054335467	0.0584805809013528	0.0766932680329273	0.0338798082191734	0.0509874341516273	1.46599236021387
LIPID_CLASS_MG	611.250716948116	437.556835065208	430.002828992397	620.289519167468	165.511049866439	226.649178841692	145.808521770598	283.763834026507	0.00365047304918083	0.00854975633174517	1.35302994807615
LIPID_CLASS_PC	13.3977417513865	13.1033018257245	12.8315188734833	13.378569149766	11.4288063859201	12.1744853896855	11.1533969208325	12.1492836805155	0.00545830717623804	0.0115230929276136	0.16833603625755
LIPID_CLASS_PE	4.96149047045485	5.0329333828295	4.62195349271832	4.65807278798575	5.53990922318537	5.77303521448181	5.39576725305666	5.86061205024137	0.00148300659369849	0.00467556293019099	-0.227673487599613
LIPID_CLASS_PG	0.459762663152524	0.434261658016449	0.375234489075757	0.474370104165331	0.127819903431681	0.167565671424096	0.0919873608609114	0.15858549215365	5.41473121698688e-05	0.000955240764521594	1.6752300269637
LIPID_CLASS_PI	1.17230594005314	1.16010673212801	1.1047404245642	1.13623886175991	1.10168568869971	1.15912120917086	1.11742652231943	1.18431991281654	0.914323953622679	0.920379079143359	0.0034231462852021
LIPID_CLASS_PS	12.8287858700571	14.4397466040246	12.9266951882423	12.0700591612936	9.71718493343064	9.76082873072011	8.50202810892433	9.14760540095622	0.00135156465882116	0.00437101762001738	0.493359173203703
LIPID_CLASS_SM	1.9711934974736	2.01068386675352	1.71686223000818	2.01234529900644	0.830567826425814	0.946067335064993	0.957021680435637	0.962680228839665	0.000169692879706173	0.00112730043689793	1.06083752824824
LIPID_CLASS_TG	9.9604564654457	3.01707319334385	8.79808878208956	15.4305395466579	1.50974829172556	2.00146991749927	1.73726718256399	2.08610564863461	0.0606042453722829	0.0801030025790173	2.34275298944415
Hex1Cer_DLinked	0.526082551156763	0.650146613801597	0.598101937354212	0.532758125162067	0.264780027517242	0.284390399848947	0.217817165916967	0.281390724185343	0.000369178608737753	0.00181016608155286	1.13791438052171
Hex1Cer_LongChainFA	0.551209441010201	0.678156286251382	0.626532800199434	0.558437198120878	0.303027418804991	0.324989010168245	0.263424146336288	0.321984778134289	0.000614924324661805	0.00252617560401606	0.992540943449111
Hex1Cer_MUFA	0.161499195054341	0.187764121220368	0.178336169487728	0.17275992647273	0.0897920000972201	0.0927408429519502	0.0799023991745807	0.0963237606713385	3.95189745111529e-05	0.000955240764521594	0.965080442003714
Hex1Cer_PUFA	0.500955661303326	0.622136941351813	0.56967107450899	0.507079052203256	0.226532636229492	0.243791789529649	0.172210185497646	0.240796670236398	0.000216342657894545	0.00121792903703596	1.3163738788222
Hex1Cer_PUFA_6	0.500955661303326	0.622136941351813	0.56967107450899	0.507079052203256	0.226532636229492	0.243791789529649	0.172210185497646	0.240796670236398	0.000216342657894545	0.00121792903703596	1.3163738788222
Hex1Cer_SFA	0.389710245955859	0.490392165031013	0.448196630711706	0.385677271648149	0.213235418707771	0.232248167216295	0.183521747161708	0.22566101746295	0.00131039452834532	0.00432999931105409	1.00391394434129
Hex1Cer_VeryLongChainFA	0.500955661303326	0.622136941351813	0.56967107450899	0.507079052203256	0.226532636229492	0.243791789529649	0.172210185497646	0.240796670236398	0.000216342657894545	0.00121792903703596	1.3163738788222
Cer_DLinked	6.91248432980681	6.15509142256782	3.43800582415077	5.53219431606214	1.33880984568824	1.8287295308747	0.963469615873066	1.76302932083854	0.00964446554555102	0.0168501007232616	1.90265028724855
Cer_LongChainFA	7.29255514933133	6.48247559419402	3.8191646450866	6.03645836254784	1.40849986495613	1.92931348804821	1.01866895737391	1.85630117577286	0.00729865962925111	0.0136962501684712	1.92734785984864
Cer_MUFA	0.106396461330758	0.0945226764282577	0.107615988955199	0.107302239809457	0.0652797450070926	0.0809481440574408	0.063391931434638	0.0782143614623349	0.00156729791439475	0.00476458565976005	0.530781471868865
Cer_PUFA	0.0179632806059744	0.019365931371948	0.00572520757721065	0.0124723394622867	0.00535536286977656	0.00690766379631619	0.00310917249075814	0.00655466215384418	0.0687468651583242	0.0863596983807048	1.34048387698284
Cer_PUFA_3	0.0179632806059744	0.019365931371948	0.00572520757721065	0.0124723394622867	0.00535536286977656	0.00690766379631619	0.00310917249075814	0.00655466215384418	0.0687468651583242	0.0863596983807048	1.34048387698284
Cer_SFA	14.3756572745618	12.7992972326379	7.4859838894696	11.871169643648	2.73058459872446	3.74827686762348	1.9570103137197	3.60459432436389	0.00740831553830402	0.0137324873392953	1.95033530481304
Cer_TLinked	0.340458428354683	0.304289986712402	0.364253945942088	0.465830824177806	0.062569745578552	0.0901388310943035	0.049310042473687	0.082427542681725	0.00218486028269706	0.00582629408719216	2.37432426467287
Cer_VeryLongChainFA	7.21333036699165	6.43628722436643	3.7853548950991	5.95959191793205	1.39425931757745	1.90842323588981	1.0068903593196	1.83461255126767	0.00725737491484324	0.0136962501684712	1.92887969665073
ALL_DLinked	9.39062059493923	8.7945213474588	5.73561814752581	8.05702339042964	2.43070485389158	3.05430941734812	2.134062856664	3.00227942364032	0.00487146822960346	0.0107313503028946	1.59010190497984
ALL_EtherLinked	2.86040143487937	2.92197589119155	2.49445254309658	2.57862455266014	2.1757815815268	2.2822147267494	2.13666142922798	2.25092708527504	0.0129714558181492	0.0212006589715986	0.295390685628597
ALL_LongChainFA	739.49462469206	572.848889966009	542.613522684655	754.814581480445	224.24162617981	291.592319745195	198.626823138813	347.300566482583	0.00190602630144011	0.0053651110707203	1.29746405081375
ALL_MUFA	58.1469279027291	44.6152505538207	48.871539652506	62.3309513588241	24.12561521344	28.9321733952471	22.2948186294659	32.1399669149521	0.00287607117220729	0.00728604696959179	0.993135595466485
ALL_MediumChainFA	0.562171108102466	0.432368356233444	0.394481156464014	0.577505250330784	0.608756550447006	0.603507158705989	0.597416810584643	0.587744441798675	0.100043448094763	0.120687334209556	-0.285836494012706
ALL_PUFA	240.771457383476	165.528579569979	166.561591308371	240.38825533324	79.7211382477267	98.5775771618384	73.3010340879504	120.17921748392	0.00811555818619646	0.0146852957654984	1.12925355721043
ALL_SFA	470.544098697404	387.332630400296	352.042534791455	483.617795766773	136.935645753733	181.874941168282	118.657026899216	212.609601732579	0.000878072616370956	0.00303334176564512	1.38135656228242
ALL_ShortChainFA	3.17278585302536e-05	4.16716458282266e-05	5.00889612621628e-05	4.07788852675193e-05	3.4402322672766e-05	2.85541354988481e-05	2.7292502787519e-05	3.97228736142546e-05	0.122729165903426	0.144611110211789	0.337846745345671
ALL_TLinked	0.359598211852618	0.325690542376543	0.381605789929442	0.486105173978808	0.0660225913182628	0.0950166795348239	0.05355564803536	0.0872483929049608	0.00180435634478799	0.00517475781901461	2.36318582832246
ALL_VeryLongChainFA	31.7173760413752	26.4046621873919	26.3835953776375	33.0300634150233	17.6578295665975	19.0315287444862	16.7880790703893	18.8740758504259	0.00509881920097374	0.0109157819513804	0.700003891229134
SM_DLinked	1.95205371397566	1.98928331108938	1.69951038602083	1.99207094920544	0.827114980686103	0.941189486624473	0.952776074873964	0.95785937861643	0.000171976256645191	0.00112730043689793	1.0529446442554
SM_LongChainFA	3.16019726249388	3.21519921194828	2.80546316796149	3.29186323801607	1.4096321731539	1.60456966875979	1.60035029171282	1.64440179152804	0.000120825009847499	0.00112730043689793	0.994782988575115
SM_MUFA	1.77078855835253	1.85292475536911	1.55140475839962	1.75386454220872	0.763786732470209	0.864786713779813	0.890797995143343	0.877723617656971	0.00017799480582599	0.00112730043689793	1.02834194741627
SM_MediumChainFA	0.00129592671533489	0.00166722756495366	0.0018034241440511	0.00175707832598481	0.000702246261002676	0.000758585565848704	0.000679426477353033	0.000747561706360465	0.00366031078266724	0.00854975633174517	1.17570004895915
SM_PUFA	0.518860390432679	0.510379439857364	0.454258903755276	0.582047184527606	0.204880952908583	0.227045311830129	0.232283301452225	0.227063473231118	0.00101540670346643	0.0034298181983755	1.21258376185937
SM_PUFA_2	0.0553226040279638	0.0475076519680895	0.0522841896357089	0.0652736479996875	0.0380896664207305	0.0391957862236945	0.0533096611609856	0.0407331197386212	0.0550140554459464	0.0740012073255209	0.363283369259868
SM_PUFA_3	0.297486366565739	0.332170383582593	0.262137378719578	0.29746484831893	0.08203586123868	0.0980482362771599	0.0837753141312662	0.0982992410601806	0.000315977815252612	0.00171530813994275	1.715369165858
SM_PUFA_4	0.138515319196872	0.102110510323192	0.11503933960141	0.188046010311782	0.0702073940792411	0.074828453152798	0.0720393975697391	0.0734134509335209	0.0440807944676905	0.0632101958404619	0.904358469436106
SM_PUFA_5	0.0165623615904291	0.0137196724475923	0.0121958102452401	0.0180370859040481	0.0121699262881768	0.0123896652968469	0.0208085510699856	0.0118031974702862	0.756226583463367	0.781948576098176	0.0819990185085015
SM_PUFA_6	0.010973739051675	0.0148712215358974	0.0126021855533395	0.0132255919931586	0.00237810488175514	0.0025831708796294	0.00235037752024828	0.0028144640285089	0.00086722754502521	0.00303334176564512	2.35132223113075
SM_SFA	1.65273804616199	1.65806353828056	1.42806079786146	1.68877887127655	0.692467967472835	0.800302644520045	0.790962064275707	0.820573366791241	0.000156825122206922	0.00112730043689793	1.05001861504096
SM_TLinked	0.019139783497935	0.0214005556641412	0.0173518439873536	0.0202743498010024	0.00345284573971079	0.00487784844052041	0.00424560556167298	0.00482085022323576	0.000101924509266113	0.00112730043689793	2.16770006862008
SM_VeryLongChainFA	0.780893805737978	0.804501293993803	0.626457867910825	0.73107028167082	0.250801233436723	0.286806415804352	0.313013642681097	0.28021110444493	0.000672039866581601	0.0026881594663264	1.3798647980915
ChE_LongChainFA	0.000762529044611832	0.000556919165354009	0.00131991509821762	0.00319765465899456	0.00105559194666135	0.00147665912198226	0.00256419769064239	0.00134044331873676	0.836235967556866	0.847385780457624	-0.141132771542072
ChE_PUFA	0.0039474673518277	0.00693689102010184	0.00729512127889138	0.0122881679731757	0.00620526247434229	0.00846743052351766	0.0156222129916193	0.00789985245074559	0.502827267553968	0.530762115751411	-0.326096551977271
ChE_PUFA_5	0.000762529044611832	0.000556919165354009	0.00131991509821762	0.00319765465899456	0.00105559194666135	0.00147665912198226	0.00256419769064239	0.00134044331873676	0.836235967556866	0.847385780457624	-0.141132771542072
ChE_PUFA_6	0.00318493830721587	0.00637997185474783	0.00597520618067376	0.00909051331418118	0.00514967052768094	0.0069907714015354	0.0130580153009769	0.00655940913200883	0.438213400851647	0.472400261910995	-0.366660479597694
ChE_VeryLongChainFA	0.00318493830721587	0.00637997185474783	0.00597520618067376	0.00909051331418118	0.00514967052768094	0.0069907714015354	0.0130580153009769	0.00655940913200883	0.438213400851647	0.472400261910995	-0.366660479597694
LPE_LongChainFA	0.074669248630151	0.0356164346995936	0.0360538944066489	0.0474025086587418	0.0180303474002061	0.0221363956773486	0.0187612133031549	0.0235367331316289	0.0544899342742741	0.0740012073255209	1.23228897286745
LPE_MUFA	0.00623676424384107	0.00473517368401186	0.00559409370772109	0.00548446374556668	0.00141866240309943	0.00171942750768376	0.00181016745567137	0.00228882315422636	0.0001713517333642	0.00112730043689793	1.60733133896892
LPE_PUFA	0.206791252257987	0.108492553259136	0.12433771644985	0.116254092950865	0.0450815550057899	0.044365498291224	0.0425728887709997	0.0571382919522958	0.0264065251021538	0.0409570593421161	1.55516851752589
LPE_PUFA_4	0.00738070302487085	0.00365209525104181	0.00422052203518238	0.002872239521179	0.000887462242576658	0.0010379982969411	0.000993980235822243	0.00139973289864584	0.0388766252622804	0.0562785432368249	2.06919832179523
LPE_PUFA_5	0.0286101744622821	0.0148673489535616	0.0160105531442844	0.0223759622289541	0.00676882937974653	0.00694119634636858	0.00617608804140157	0.00875905667866528	0.0230211191928664	0.0360743311063474	1.51493792216294
LPE_PUFA_6	0.170800374770834	0.0899731090545324	0.104106641270383	0.0910058912007321	0.0374252633834667	0.0363863036479143	0.0354028204937759	0.0469795023749847	0.0286696250808866	0.0440180102251996	1.54533513886156
LPE_SFA	0.0580165458217409	0.0251430460528136	0.0238150697478314	0.0287659740225776	0.0135594271985036	0.017019279634639	0.0140975246746817	0.0172661529264051	0.106166780225091	0.127065752710346	1.1318538492338
LPE_VeryLongChainFA	0.196375313693418	0.102754338296368	0.117692985498753	0.103102022060268	0.0420292972071869	0.0409678097561981	0.0397193675981978	0.0531565349012984	0.0299011712860051	0.0454497803547277	1.56376848746271
