class	nfur.D1m.1	nfur.D1m.2	nfur.D1m.3	nfur.D1m.4	nfur.Dexit.1	nfur.Dexit.2	nfur.Dexit.3	nfur.Dexit.4	pvalue	padj	FC
PG_LongChainFA	0.954958119400587	1.00312964318219	1.0860367465862	0.892292076239136	0.246751155935974	0.32578227624829	0.175123935491212	0.307969652287502	1.29140040685e-05	0.000159248626256676	1.89878272348083
PG_MUFA	0.00977608240486075	0.00974570567860397	0.00959794782237954	0.0100947517933563	0.0116739604925857	0.0133358882797606	0.0110973713419183	0.0127152773270635	0.0154358957702661	0.0223452967340995	-0.31615934282505
PG_PUFA	0.00886774911766059	0.00951579386828399	0.0138152294989427	0.00944665481672484	0.00888865092738747	0.00934906659990255	0.00885078623061032	0.00920133201979797	0.326924642093002	0.338044527878478	0.198592567108036
PG_PUFA_5	0.000438165384850113	0.000490356409605814	0.00100692884086542	0.000484153664799497	0.000796383336453776	0.000813690329697135	0.000898228729148422	0.000835060563174566	0.184119007602037	0.197085134897955	-0.466528853961871
PG_PUFA_6	0.00842958373281047	0.00902543745867817	0.0128083006580773	0.00896250115192534	0.0080922675909337	0.00853537627020541	0.0079525575014619	0.00836627145662341	0.217803418299276	0.229903608204791	0.251679695287603
PG_SFA	0.945182036995726	0.993383937503586	1.07643879876382	0.88219732444578	0.235077195443388	0.312446387968529	0.164026564149294	0.295254374960439	1.29354957797515e-05	0.000159248626256676	1.95265514531979
PG_VeryLongChainFA	0.00886774911766059	0.00951579386828399	0.0138152294989427	0.00944665481672484	0.00888865092738747	0.00934906659990255	0.00885078623061032	0.00920133201979797	0.326924642093002	0.338044527878478	0.198592567108036
PE_EtherLinked	1.67906804834392	1.91216597846673	1.68752647627796	1.92578548123932	1.50288939017909	1.57709903840699	1.52039834032288	1.5644763538443	0.0277961507257465	0.0358052111043514	0.224838654481245
PE_LongChainFA	5.5602579565545	6.22159454342816	5.43572010247127	6.11584888529632	6.43315094933143	6.72480297820794	6.22761878382048	6.81317666548872	0.0276737276631662	0.0358052111043514	-0.167100073040148
PE_MUFA	1.03293270573048	1.12531265778166	1.03269786255488	1.09057594091422	1.65246083524612	1.67149970108348	1.52511023959506	1.71457780105222	9.49869761665125e-05	0.000497862771631376	-0.61637521390478
PE_MediumChainFA	0.00616317543109596	0.00664403879854025	0.00676125404926491	0.0064475389397505	0.00198819735887964	0.00273080189004839	0.00175381271288312	0.00229505832354934	1.14542273017216e-05	0.000159248626256676	1.56910120294636
PE_PUFA	4.26619961442736	4.80059413081807	4.25298568125137	4.6884114886425	5.62432570173246	5.79618762989396	5.50326711838056	5.88638753057021	0.000828001813895965	0.00220800483705591	-0.341023814284905
PE_PUFA_2	0.248311770547086	0.261723627566829	0.287023574504363	0.255431169237258	0.346088777580175	0.330995459844527	0.328859095127891	0.332406970211761	0.00121711598756266	0.00303281360835286	-0.346649059235414
PE_PUFA_3	0.0309280849480243	0.0316965619329077	0.05442977698659	0.0346315615855703	0.0774759161017779	0.066392811869188	0.0698084721926727	0.0682153782385213	0.00540037930107337	0.0089223658017734	-0.894057696994861
PE_PUFA_4	0.211812496034162	0.232028897836017	0.23051071349694	0.230193163832321	0.199501337840213	0.2122091276419	0.194992595609768	0.216165704471084	0.0261648868244413	0.0348605036719573	0.136530347324992
PE_PUFA_5	0.806282162520325	0.92281978704141	0.734486823276764	0.91485391448457	0.690798504216184	0.732897167738916	0.664106543547602	0.719706876330889	0.0451486958096894	0.0544650933577205	0.267067686462574
PE_PUFA_6	2.96886510037776	3.35232525644091	2.94653479298671	3.25330167950278	4.31046116599411	4.45369306279943	4.24550041190262	4.54989260131795	0.000111453192015967	0.000564696172880897	-0.487902766462421
PE_SFA	2.07547407744432	2.32173944822426	1.97970371313505	2.24509489972536	2.55078506704992	2.73710585333719	2.48366809432406	2.78897868045687	0.00399311201241539	0.0073126870588812	-0.292586793387392
PE_VeryLongChainFA	3.32418271916419	3.75765871584099	3.31784663752308	3.65800397035615	4.64467929968043	4.81853664886563	4.56216190957996	4.90575237667047	0.000220976614355866	0.000839711134552291	-0.429400790289253
LPC_LongChainFA	0.0638703771041914	0.073521533603699	0.0722873623657008	0.0719293745229711	0.022573150097945	0.0281665151111212	0.0283422906742592	0.0269955324667778	1.35706223522275e-05	0.000159248626256676	1.40857311516722
LPC_MUFA	0.0277409853333141	0.0317765252371398	0.0303540070607419	0.0282572207291481	0.00919858547002844	0.0107985271830137	0.0136315207788728	0.0109470097344841	8.2802884977664e-06	0.000159248626256676	1.40603246703896
LPC_PUFA	0.00580686468566912	0.00646175693985591	0.00449931377934358	0.00774795436771599	0.00189046992236256	0.00204778232871176	0.00322404631899815	0.00268263016440986	0.00697140194998025	0.0113941193160968	1.31626445543926
LPC_PUFA_2	0.00142830027483689	0.00134021141970134	0.00151693105859516	0.00154528784948169	0.000406955309424062	0.000486428861601493	0.000479741235973131	0.000476665276558139	4.21620875356121e-05	0.000305173205019668	1.65631463824242
LPC_PUFA_5	0.000411378608724453	0.000460599866402972	0.000309904016458322	0.000514830662785279	0.00017737869571459	0.000188331028249554	0.000295143327713606	0.000226283390529064	0.0108360694853549	0.0163077481363756	0.93551476985138
LPC_PUFA_6	0.00396718580210778	0.0046609456537516	0.0026724787042901	0.00568783585544902	0.00130613591722391	0.00137302243886071	0.00244916175531141	0.00197968149732266	0.022394181572629	0.0312285834774277	1.25703797789306
LPC_SFA	0.0746898035694215	0.0844476723215553	0.0906271344217836	0.089746304752326	0.0300336709600276	0.039750503486378	0.0314873779577038	0.0401009114846992	6.24634743566015e-05	0.000411210391249913	1.26395681333624
LPC_VeryLongChainFA	0.0443672764842133	0.049164420894852	0.0531930928961682	0.053822105326219	0.0185495762544736	0.0244302978869823	0.0200006543813156	0.0267350189168154	8.30492847411374e-05	0.000474689250351458	1.16050970717513
DG_LongChainFA	34.9265907386904	34.2275694534606	43.6761263537909	39.5843349475507	11.1980987866957	13.7565756900247	7.71808402936964	13.0752566641993	0.000151785283566262	0.000635871291422405	1.73622025370164
DG_MUFA	0.247332834587229	0.220251954864822	0.288749748048536	0.296675975847543	0.374495455147994	0.355639852561735	0.269422194602475	0.370816701191667	0.044484060634821	0.0540926177319423	-0.380050058468671
DG_PUFA	0.17040597437042	0.150892637233404	0.213097047364749	0.217592670700232	0.381057623803689	0.350538241943987	0.292654017842635	0.375640227754456	0.000932712279670497	0.00244434942258475	-0.896531405281225
DG_PUFA_2	0.00826867083056985	0.00604617513151655	0.0101159129199732	0.00861627028658818	0.0127974109166176	0.0112458930952087	0.00742327946507399	0.0112769426709795	0.143420845532685	0.155714060864058	-0.371185345239025
DG_PUFA_4	0.0268488925928507	0.0221558151475962	0.0408622298507793	0.029875669117454	0.0578397753922736	0.0538616975551119	0.0499113029740349	0.0525005315619605	0.00535491394416907	0.0089223658017734	-0.838437882198997
DG_PUFA_6	0.135288410947	0.122690646954291	0.162118904593996	0.17910073129619	0.310420437494798	0.285430651293667	0.235319435403526	0.311862753521516	0.00119046222199855	0.00301583762906298	-0.931761022138785
DG_SFA	34.7396577470412	34.0625380199558	43.4239974400163	39.3629738024207	10.7807440854201	13.3747244401417	7.41105170121995	12.675626218	0.000142876139218273	0.000635871291422405	1.77667337218398
DG_VeryLongChainFA	0.230805817308413	0.206113158593458	0.249717881638628	0.292907501417795	0.338198377676036	0.324326844622664	0.25504388429542	0.346826482746842	0.04333102127346	0.0531154454319832	-0.368265175773394
PC_EtherLinked	0.303351590621882	0.319977703133927	0.287820768207704	0.316728776415688	0.401943254848518	0.426804326028432	0.403118904316115	0.429017591535553	4.54219093398123e-05	0.000313824100893249	-0.43578317328847
PC_LongChainFA	21.0758660466167	22.3817279811725	20.2394511876097	22.264045792345	18.8163982805228	20.2443573759327	18.4180765910563	20.2539101525158	0.0260582019083205	0.0348605036719573	0.145161378180818
PC_MUFA	10.5106934819173	11.1555695193974	10.0859127669909	11.1260568223703	8.89013773633126	9.54698308601781	8.60167923076409	9.57582759575204	0.00452214330433448	0.00806152875104442	0.227825315709276
PC_MediumChainFA	0.478490419354795	0.500344829706071	0.429584726710345	0.491740642917487	0.591574616264034	0.587013295607612	0.585770185085981	0.571258157386102	0.00439595155846545	0.00795457901055652	-0.297681883192177
PC_PUFA	5.51741939080172	5.75341036060936	4.99199584344622	5.67247286843924	5.72506382975166	5.87547024018063	5.48488333249831	5.84338524842371	0.259607022385403	0.272139775190216	-0.0639066823417163
PC_PUFA_2	0.358703758336466	0.367316979660339	0.409134086193115	0.373604369855552	0.338412685418782	0.359829525087977	0.336971267407734	0.352169063196376	0.0645522159852985	0.0749002811432471	0.120996927607625
PC_PUFA_3	0.0662622554790218	0.0647367746410294	0.0796604800680301	0.0664528822822745	0.0950303428722915	0.0864331997141078	0.092624847787598	0.0861242609758941	0.00378724847494381	0.0071069354097711	-0.378377622707765
PC_PUFA_4	1.02737170932976	1.07190396245279	0.990428865116677	1.05605959170651	1.03646500849998	1.07430667789466	1.00712469381985	1.03360206435993	0.951632676831298	0.951632676831298	-0.00199412045962727
PC_PUFA_5	1.8606753663899	1.95470667495916	1.59113068489278	1.9164025536652	1.92817729094467	1.99442599594175	1.79875443161583	2.01361465553796	0.331018066446515	0.339964500674799	-0.0789780338593348
PC_PUFA_6	2.20440630126656	2.29474596889605	1.92164172717562	2.25995347092971	2.32697850201593	2.36047484154213	2.24940809186731	2.35787520435355	0.167782904360414	0.180872350799879	-0.0985947145596759
PC_SFA	8.81814091074756	9.44007078948561	8.51577259122906	9.34296466153625	7.84207522600138	8.50109822860296	7.81883153630682	8.45176183381145	0.0234364301095272	0.0323848852422557	0.147194944500506
PC_ShortChainFA	2.47929236298981e-05	1.48755582199734e-05	1.96220830265017e-05	1.58066322115386e-05	3.4402322672766e-05	2.85541354988481e-05	2.7292502787519e-05	3.97228736142546e-05	0.010338711195248	0.0162008670276051	-0.791368052215857
PC_VeryLongChainFA	3.59298361068492	3.78485396737346	3.20933550886381	3.70025904366186	3.4496054727308	3.51757155369524	3.30291977301996	3.47335932825553	0.374625404170781	0.382168197543348	0.05600179455484
MG_LongChainFA	531.275768197908	635.457178847045	486.604246677187	631.680548078445	165.511049866439	226.649178841692	145.808521770598	283.763834026507	0.00032351300858205	0.00100355055723412	1.47546448619366
MG_MUFA	27.9213561469821	36.0987047462151	30.8201450471305	38.3034503139878	9.64629400452548	13.129376240207	8.04820975473151	16.1707945322835	0.000492323761282499	0.00146731787676353	1.5024145077327
MG_PUFA	186.618947000376	226.343302836337	162.560531777084	235.963071970781	59.6070266463532	77.3582535766567	53.7474721265329	98.863964099577	0.00137964414547463	0.00331216290091702	1.48662033835934
MG_PUFA_2	186.618947000376	226.343302836337	162.560531777084	235.963071970781	59.6070266463532	77.3582535766567	53.7474721265329	98.863964099577	0.00137964414547463	0.00331216290091702	1.48662033835934
MG_SFA	316.73546505055	373.015171264493	293.223569852972	357.414025793677	96.2577292155608	136.161549024828	84.0128398893335	168.729075394646	0.000202714771272711	0.000810859085090843	1.4661148617891
TG_LongChainFA	13.7636912009415	13.9137110752675	10.6695192615076	15.6190802064336	3.36858188192204	4.42507391878336	3.86302226666326	4.58565973932066	0.00176646006645765	0.00394855779561123	1.73229150553138
TG_MUFA	6.7430044920826	6.89082331733219	5.27353096829675	7.72140495277667	1.62302447675189	2.14110073013792	1.88865352311869	2.25911682128354	0.00169788621744058	0.00391028340986315	1.75089016577656
TG_MediumChainFA	0.0192344753920333	0.0187238075271412	0.036092832425082	0.017491831832513	0.00650711999920932	0.00665469773681438	0.00341888341740597	0.00679033343456097	0.028654520973481	0.0366007326720093	1.96972713879144
TG_PUFA	6.98495564900675	7.38820012021526	5.12519535694107	8.22060534885187	1.65093155769755	2.22146571423854	1.95563541490806	2.34434983645318	0.00374104752120746	0.0071069354097711	1.76204430716552
TG_PUFA_2	0.312198418966205	0.309000195356248	0.263239970848231	0.350446979389812	0.0819951329554397	0.109444908968136	0.0947953662098693	0.108540146432055	0.000512162402367012	0.00149709009922665	1.64527279250778
TG_PUFA_3	0.916142009600091	0.979185734746094	0.826234584589926	1.09613513879492	0.249740548881249	0.319930732205223	0.304139966362547	0.325273045880057	0.000709800392271539	0.00196163017500498	1.67076970032882
TG_PUFA_4	0.44389335840456	0.475505999914322	0.339419885645999	0.542198840835653	0.104303953404098	0.133422264983984	0.133322204247582	0.147555624993487	0.0037201492352124	0.0071069354097711	1.79610729666828
TG_PUFA_5	1.85535015835484	1.92423047196343	1.27873976763734	2.20883868842051	0.397933283013385	0.546001550088364	0.470558477059915	0.596597510329639	0.00530055656779538	0.0089223658017734	1.85341325394592
TG_PUFA_6	3.45737170368105	3.70027771823517	2.41756114821957	4.02298570141099	0.816958639443375	1.11266625799283	0.952819401028144	1.16638350881794	0.00492639567579873	0.0084136195811394	1.74783910532633
TG_SFA	5.06375068192057	4.97748652923315	3.82645083611156	5.56827905928309	1.25528884072724	1.64184330812136	1.36751260966522	1.65485028816712	0.00173664868278287	0.00393985969825367	1.71518287659249
TG_VeryLongChainFA	5.00878514667642	5.32407508398597	3.51956506741674	5.87371732264553	1.15415587325542	1.57268113597765	1.3453603976113	1.66586687314861	0.00476826644075583	0.00823609657948734	1.78147283466088
PI_EtherLinked	0.0223919614103955	0.0221637206053683	0.0321646324730488	0.0238498527824967	0.0310870844035952	0.0320601563373206	0.0277478413343992	0.0324980764959942	0.0904651931738066	0.0996428214668015	-0.29505999433799
PI_LongChainFA	2.01985177411103	2.20303018454375	2.23710200749848	2.2090663840348	1.62657781105142	1.70472740964737	1.61490807444061	1.73260637899897	0.000406858462640447	0.00123684972642696	0.376280799821637
PI_MUFA	0.0275704688451373	0.0317068958053456	0.025537835429468	0.0357272866212983	0.0561961810556985	0.0601898596625835	0.0679768116778904	0.063897584251735	8.67826932247929e-05	0.000474689250351458	-1.04231263671411
PI_PUFA	1.18148423662578	1.29736409379712	1.2552499719208	1.307360518511	1.08364870260302	1.13893795758419	1.09415320002621	1.16282680325683	0.00864737665528538	0.0138358026484566	0.170482081227476
PI_PUFA_2	0.000385046587250184	0.000433961233387062	0.00023531508672193	0.000512287912313362	0.0019227308383274	0.00174366587755843	0.00228849600351497	0.00199404979633523	0.000117331486868793	0.000575302774324404	-2.34311611745018
PI_PUFA_3	3.51288066899205e-05	2.48552621724232e-05	1.64479452036356e-05	4.9514649827741e-05	0.00105524784658737	0.000868961890916632	0.000917751819309887	0.000906625929202216	0.000140070291644903	0.000635871291422405	-4.89546225949664
PI_PUFA_4	0.748987728224328	0.80800001438567	0.896229629657255	0.800687527020493	0.454437513413721	0.474196816538589	0.427965265036653	0.475639117917126	0.000533422017210032	0.00152981408709292	0.828564609539878
PI_PUFA_5	0.196000642038792	0.218124325713768	0.170505126934473	0.220838191070192	0.149773663893157	0.160407109766151	0.138803070929069	0.160551458482771	0.0175178599916866	0.0251199501767581	0.402118004561478
PI_PUFA_6	0.236075690968721	0.270780937202125	0.188263452297145	0.285272997858178	0.476459546611229	0.501721403510979	0.52417861623766	0.5237355511314	0.000215422803768015	0.000839596568531749	-1.04726970101528
PI_SFA	1.15538615096696	1.27112751416309	1.2207125275136	1.27907759516114	1.03243940933711	1.08705444475761	1.04497519160036	1.10941736162852	0.00456112810914355	0.00806152875104442	0.204957032390548
PI_VeryLongChainFA	0.366981043737242	0.419332039827177	0.296562959838439	0.436948869041131	0.576793566348007	0.613515008694345	0.619944970198247	0.636033446634114	0.00257737380331059	0.0054411224736557	-0.686688535698267
PS_EtherLinked	0.661184777309043	0.440717010302188	0.438960680919824	0.376066732203032	0.239861852095595	0.246251205976652	0.185396343254594	0.224935063399195	0.0237933075513006	0.032581826556736	1.09651093879204
PS_LongChainFA	32.878868065878	22.1501137580758	21.3258994072256	19.2862684632927	13.878198901551	13.8511695177724	11.8693565902827	12.8935927489129	0.0367594964208501	0.0454263695607253	0.865525172611863
PS_MUFA	1.69948276856812	1.24640519028181	1.31355408547195	1.18681625206974	0.941856838441366	0.963054381816884	0.833135489647141	0.906723029131012	0.0264756784535747	0.0348605036719573	0.579437731698875
PS_MediumChainFA	0.0286802550651236	0.0131696848305023	0.0144357655408885	0.00960443250942983	0.0079843705638811	0.00634977790566591	0.0057945028910191	0.00665333094810159	0.101356623204725	0.110836019619556	1.29879979930163
PS_PUFA	7.52008871733729	6.08920013157261	6.0610498784651	5.7012480942153	5.15024929544736	5.29474925844086	4.74509628400892	5.15132682567582	0.04712884037478	0.0561206679773957	0.31879324027564
PS_PUFA_2	0.646318204908738	0.462699824794154	0.450871518078501	0.397976288583912	0.307675116063714	0.32753274480182	0.20830466522772	0.305962984270852	0.0249369131533521	0.0338429535652636	0.768306177313694
PS_PUFA_3	1.06468288509538	0.863529015517417	0.87816623863918	0.796310004629762	0.530909739917115	0.566268893404483	0.389605216238049	0.541410814274031	0.00198325565339426	0.00430649799022754	0.828877647282668
PS_PUFA_4	0.162200320100071	0.13256382528164	0.14382042694558	0.125053604416102	0.117515397087966	0.117516587743563	0.0974483240867983	0.113299802511126	0.0266040685917569	0.0348605036719573	0.338437080707428
PS_PUFA_5	0.767289740448751	0.687703237396615	0.661757234247923	0.691658195440281	0.484434469927916	0.502348198551971	0.449488966671439	0.485466809058961	0.000629334326271037	0.00177145958505922	0.547340758841626
PS_PUFA_6	4.87959756678435	3.94270422858279	3.92643446055392	3.69025000114525	3.70971457245065	3.78108283393902	3.60024911178491	3.70518641556085	0.216379674694549	0.229903608204791	0.151891417316572
PS_SFA	34.2356950774857	22.5655954233568	21.813738205499	19.4659667822904	13.3016256311293	13.221522018044	11.3770422848276	12.1964418078791	0.0346854280505835	0.0435717773858569	0.969260015204373
PS_VeryLongChainFA	10.6300364880431	7.78918113561429	7.8974297224695	7.10271478047851	5.54818659474637	5.6641381657622	5.12890512467497	5.39496472205147	0.0316085731991121	0.0400375260522087	0.620584809642915
LIPID_CLASS_Cer	6.1598484447253	6.03517724846026	4.59874706500895	6.12137656552501	1.40137959126679	1.91886836196901	1.01277965834675	1.84545686352027	0.000278144909663458	0.000960864233382854	1.8909767799521
LIPID_CLASS_ChE	0.00537991479835933	0.00193621974940883	0.000907563520766005	0.00679509876267778	0.00620526247434229	0.00846743052351766	0.0156222129916193	0.00789985245074559	0.0662056295309413	0.0756635766067901	-1.34660542535328
LIPID_CLASS_DG	17.5786982779994	17.216841306027	21.9629221177148	19.9386212244842	5.76814858218587	7.04045126732369	3.98656395683253	6.71104157347307	0.000154784459096243	0.000635871291422405	1.70613004504143
LIPID_CLASS_Hex1Cer	0.394498672843619	0.514804551529042	0.667034618340246	0.604602581919227	0.264780027517242	0.284390399848947	0.217817165916967	0.281390724185343	0.0142846143013718	0.0208775132096973	1.05679094002209
LIPID_CLASS_LPC	0.108237653588405	0.122685954498551	0.125480455261869	0.12575147984919	0.0411227263524186	0.0525968129981035	0.0483429450555747	0.0537305513835932	1.98850059006175e-05	0.000201501393126258	1.30016918414139
LIPID_CLASS_LPE	0.135048770379311	0.138839740861302	0.142300496662651	0.14548607719812	0.060059644607393	0.0631042054335467	0.0584805809013528	0.0766932680329273	3.12199087328141e-05	0.000249759269862513	1.1204776190366
LIPID_CLASS_MG	531.275768197908	635.457178847045	486.604246677187	631.680548078445	165.511049866439	226.649178841692	145.808521770598	283.763834026507	0.00032351300858205	0.00100355055723412	1.47546448619366
LIPID_CLASS_PC	12.5736824347901	13.3334708269051	11.9391955226335	13.2280306427783	11.4288063859201	12.1744853896855	11.1533969208325	12.1492836805155	0.0472595098757016	0.0561206679773957	0.122828141919468
LIPID_CLASS_PE	4.44530192557489	4.99294864903385	4.38016399702181	4.89015019729611	5.53990922318537	5.77303521448181	5.39576725305666	5.86061205024137	0.00304254995589645	0.00616623457728348	-0.270664304584455
LIPID_CLASS_PG	0.481912934259124	0.506322718525237	0.54992598804257	0.45086936552793	0.127819903431681	0.167565671424096	0.0919873608609114	0.15858549215365	1.46676366289044e-05	0.000159248626256676	1.86520275995351
LIPID_CLASS_PI	1.19341640892414	1.31118111218546	1.26683248366846	1.32300762653797	1.10168568869971	1.15912120917086	1.11742652231943	1.18431991281654	0.0119358499622737	0.0177867568065255	0.159081474796661
LIPID_CLASS_PS	21.7687924044931	14.9762322892603	14.618882447618	13.1992938381403	9.71718493343064	9.76082873072011	8.50202810892433	9.14760540095622	0.0356114561232972	0.0443683715634522	0.798218215099436
LIPID_CLASS_SM	2.1057191871476	2.28488258132403	2.39438683410321	2.28475744075054	0.830567826425814	0.946067335064993	0.957021680435637	0.962680228839665	1.37533558237141e-05	0.000159248626256676	1.29496583244433
LIPID_CLASS_TG	6.26390360766997	6.41883665559354	4.74172572044979	7.17009645363721	1.50974829172556	2.00146991749927	1.73726718256399	2.08610564863461	0.00235450290987195	0.00504062594789487	1.74555095629035
Hex1Cer_DLinked	0.394498672843619	0.514804551529042	0.667034618340246	0.604602581919227	0.264780027517242	0.284390399848947	0.217817165916967	0.281390724185343	0.0142846143013718	0.0208775132096973	1.05679094002209
Hex1Cer_LongChainFA	0.417687854048976	0.540654192963979	0.698568501837578	0.633095425887305	0.303027418804991	0.324989010168245	0.263424146336288	0.321984778134289	0.0187177194893267	0.0265896575923146	0.916266001760751
Hex1Cer_MUFA	0.0856946374068879	0.15160182090665	0.195356860537704	0.188354586305746	0.0897920000972201	0.0927408429519502	0.0799023991745807	0.0963237606713385	0.0781284233939961	0.0873200026168191	0.791596597411969
Hex1Cer_PUFA	0.371309491638261	0.488954910094105	0.635500734842914	0.57610973795115	0.226532636229492	0.243791789529649	0.172210185497646	0.240796670236398	0.0107376357000759	0.0163077481363756	1.22991037005098
Hex1Cer_PUFA_6	0.371309491638261	0.488954910094105	0.635500734842914	0.57610973795115	0.226532636229492	0.243791789529649	0.172210185497646	0.240796670236398	0.0107376357000759	0.0163077481363756	1.22991037005098
Hex1Cer_SFA	0.331993216642088	0.389052372057329	0.503211641299875	0.444740839581559	0.213235418707771	0.232248167216295	0.183521747161708	0.22566101746295	0.00860566484150754	0.0138358026484566	0.965549058410239
Hex1Cer_VeryLongChainFA	0.371309491638261	0.488954910094105	0.635500734842914	0.57610973795115	0.226532636229492	0.243791789529649	0.172210185497646	0.240796670236398	0.0107376357000759	0.0163077481363756	1.22991037005098
Cer_DLinked	5.74799208683175	5.67898372512513	4.35103731328512	5.82234632241675	1.33880984568824	1.8287295308747	0.963469615873066	1.76302932083854	0.000250570706923749	0.000928945059814876	1.87372697659608
Cer_LongChainFA	6.1927089751061	6.06923167840341	4.63127258655978	6.15558561189119	1.40849986495613	1.92931348804821	1.01866895737391	1.85630117577286	0.000268917442154475	0.000960864233382854	1.89137988634174
Cer_MUFA	0.0686284873244248	0.0709843088084736	0.0546504925789963	0.0753782430662154	0.0652797450070926	0.0809481440574408	0.063391931434638	0.0782143614623349	0.498455378394374	0.505101450106299	-0.0941952045416195
Cer_PUFA	0.0216387520213377	0.0185583614217264	0.0141210902364428	0.02376604172093	0.00535536286977656	0.00690766379631619	0.00310917249075814	0.00655466215384418	0.00348861023641947	0.00688660721994492	1.83233217935826
Cer_PUFA_3	0.0216387520213377	0.0185583614217264	0.0141210902364428	0.02376604172093	0.00535536286977656	0.00690766379631619	0.00310917249075814	0.00655466215384418	0.00348861023641947	0.00688660721994492	1.83233217935826
Cer_SFA	12.2249913406219	11.9765694820069	9.12429874154993	12.1394427449074	2.73058459872446	3.74827686762348	1.9570103137197	3.60459432436389	0.000272229285715214	0.000960864233382854	1.91687470362209
Cer_TLinked	0.411856357893553	0.356193523335126	0.247709751723828	0.299030243108261	0.062569745578552	0.0901388310943035	0.049310042473687	0.082427542681725	0.0038506048532826	0.00713770655730434	2.20860473347501
Cer_VeryLongChainFA	6.12698791434451	6.00112281851711	4.56622154345812	6.08716751915884	1.39425931757745	1.90842323588981	1.0068903593196	1.83461255126767	0.000287721155940516	0.00097185812673241	1.89056905843996
ALL_DLinked	8.22078346898678	8.45023025717141	7.38302318702536	8.68156184850842	2.43070485389158	3.05430941734812	2.134062856664	3.00227942364032	7.56448660749545e-06	0.000159248626256676	1.62389232945778
ALL_EtherLinked	2.66599637768524	2.69502441250821	2.44647255787854	2.64243084264053	2.1757815815268	2.2822147267494	2.13666142922798	2.25092708527504	0.00184199484320234	0.0040577277705327	0.240463041804855
ALL_LongChainFA	652.659544424933	748.073383431136	600.66552026727	748.360799390475	224.24162617981	291.592319745195	198.626823138813	347.300566482583	0.000152460369024665	0.000635871291422405	1.37284579918328
ALL_MUFA	50.2135929835909	59.0281300851893	51.2495740513853	62.0568279728957	24.12561521344	28.9321733952471	22.2948186294659	32.1399669149521	0.000309452138416542	0.0010007813838152	1.04988034813534
ALL_MediumChainFA	0.533430154460947	0.539917202976985	0.488416431893146	0.526281747467828	0.608756550447006	0.603507158705989	0.597416810584643	0.587744441798675	0.00366207352144624	0.0071069354097711	-0.199332485130263
ALL_PUFA	213.323176996431	253.038401193402	185.864883045753	263.069155538583	79.7211382477267	98.5775771618384	73.3010340879504	120.17921748392	0.00139459490564927	0.00331216290091702	1.29979261822944
ALL_SFA	418.256859705027	463.120530072684	386.874175660517	450.280948049243	136.935645753733	181.874941168282	118.657026899216	212.609601732579	8.74427566436896e-05	0.000474689250351458	1.4024941514177
ALL_ShortChainFA	2.47929236298981e-05	1.48755582199734e-05	1.96220830265017e-05	1.58066322115386e-05	3.4402322672766e-05	2.85541354988481e-05	2.7292502787519e-05	3.97228736142546e-05	0.010338711195248	0.0162008670276051	-0.791368052215857
ALL_TLinked	0.43928283572974	0.384634124141917	0.277145330427044	0.329174739686362	0.0660225913182628	0.0950166795348239	0.05355564803536	0.0872483929049608	0.00266116206265282	0.00554104977429081	2.24438252188152
ALL_VeryLongChainFA	30.5268873688813	28.7075577857642	24.7003381810393	28.6631921165113	17.6578295665975	19.0315287444862	16.7880790703893	18.8740758504259	0.00154663007337162	0.00361673494080749	0.63808579137866
SM_DLinked	2.07829270931142	2.25644198051724	2.36495125539999	2.25461294417244	0.827114980686103	0.941189486624473	0.952776074873964	0.95785937861643	1.45533755107537e-05	0.000159248626256676	1.28329035891887
SM_LongChainFA	3.4789854671128	3.77534456167786	3.94386017770097	3.78631774436274	1.4096321731539	1.60456966875979	1.60035029171282	1.64440179152804	1.20213824283585e-05	0.000159248626256676	1.25947824944077
SM_MUFA	1.83138770497149	1.98833758411385	2.11228508274545	1.98693745802712	0.763786732470209	0.864786713779813	0.890797995143343	0.877723617656971	2.8928266574227e-05	0.000249759269862513	1.22100716694783
SM_MediumChainFA	0.000861829217899155	0.00103484211473064	0.00154185316756569	0.000997301268647124	0.000702246261002676	0.000758585565848704	0.000679426477353033	0.000747561706360465	0.0794682258372976	0.0881691264764177	0.619221874143989
SM_PUFA	0.553831487659841	0.595473555765995	0.630058150842397	0.577548767993715	0.204880952908583	0.227045311830129	0.232283301452225	0.227063473231118	3.86343926287234e-05	0.000293621383978298	1.40295849976263
SM_PUFA_2	0.0629380111779995	0.0646006556307451	0.0805797937133771	0.0680879690334143	0.0380896664207305	0.0391957862236945	0.0533096611609856	0.0407331197386212	0.00276895124167368	0.00568757552343783	0.688983987360532
SM_PUFA_3	0.318846058165554	0.347510096362857	0.384573202314092	0.335758543193038	0.08203586123868	0.0980482362771599	0.0837753141312662	0.0982992410601806	0.000129669540831063	0.000615930318947549	1.93694936903448
SM_PUFA_4	0.145792607906538	0.154230097228167	0.133421082778334	0.148655793015535	0.0702073940792411	0.074828453152798	0.0720393975697391	0.0734134509335209	0.000294376059076229	0.000972720890860583	1.00278395618994
SM_PUFA_5	0.0133021623786078	0.013760960214465	0.0153922865686363	0.0124617448687981	0.0121699262881768	0.0123896652968469	0.0208085510699856	0.0118031974702862	0.817169154560263	0.822580870815629	-0.0580352454792867
SM_PUFA_6	0.0129526480311415	0.0153717463297609	0.0160917854679585	0.0125847178829292	0.00237810488175514	0.0025831708796294	0.00235037752024828	0.0028144640285089	0.000778277418874394	0.00211246727980193	2.49290353763114
SM_SFA	1.82621918166387	1.98595402276822	2.04643043461857	2.00502865548025	0.692467967472835	0.800302644520045	0.790962064275707	0.820573366791241	5.46423279046543e-06	0.000159248626256676	1.34092506749104
SM_TLinked	0.027426477836187	0.0284406008067909	0.0294355787032166	0.0301444965781009	0.00345284573971079	0.00487784844052041	0.00424560556167298	0.00482085022323576	6.16252564761868e-07	9.3670389843804e-05	2.73030972188353
SM_VeryLongChainFA	0.731591077964502	0.793385758855474	0.843371637337886	0.782199835869695	0.250801233436723	0.286806415804352	0.313013642681097	0.28021110444493	1.19335596198456e-05	0.000159248626256676	1.47821781232894
ChE_LongChainFA	0.000849352621292193	0.000320687523141405	9.97527308607359e-05	0.00119716938275842	0.00105559194666135	0.00147665912198226	0.00256419769064239	0.00134044331873676	0.056485855549191	0.0660450003344387	-1.3836286365124
ChE_PUFA	0.00537991479835933	0.00193621974940883	0.000907563520766005	0.00679509876267778	0.00620526247434229	0.00846743052351766	0.0156222129916193	0.00789985245074559	0.0662056295309413	0.0756635766067901	-1.34660542535328
ChE_PUFA_5	0.000849352621292193	0.000320687523141405	9.97527308607359e-05	0.00119716938275842	0.00105559194666135	0.00147665912198226	0.00256419769064239	0.00134044331873676	0.056485855549191	0.0660450003344387	-1.3836286365124
ChE_PUFA_6	0.00453056217706714	0.00161553222626743	0.000807810789905269	0.00559792937991936	0.00514967052768094	0.0069907714015354	0.0130580153009769	0.00655940913200883	0.0684881433014086	0.0771125761615859	-1.3392157453751
ChE_VeryLongChainFA	0.00453056217706714	0.00161553222626743	0.000807810789905269	0.00559792937991936	0.00514967052768094	0.0069907714015354	0.0130580153009769	0.00655940913200883	0.0684881433014086	0.0771125761615859	-1.3392157453751
LPE_LongChainFA	0.049590298838633	0.056255290788486	0.045330142197511	0.0611892307904061	0.0180303474002061	0.0221363956773486	0.0187612133031549	0.0235367331316289	0.00118585637879523	0.00301583762906298	1.36469735006041
LPE_MUFA	0.00799218743694083	0.00690985876626971	0.00720134671706939	0.0070981683865617	0.00141866240309943	0.00171942750768376	0.00181016745567137	0.00228882315422636	3.27993404783821e-06	0.000159248626256676	2.0125657786804
LPE_PUFA	0.096842153564351	0.0945362849796924	0.105875406559141	0.0969783228290393	0.0450815550057899	0.044365498291224	0.0425728887709997	0.0571382919522958	2.96909484995921e-05	0.000249759269862513	1.05945192194761
LPE_PUFA_4	0.00318349527271678	0.0027078676787454	0.00538866627619595	0.00325597517164594	0.000887462242576658	0.0010379982969411	0.000993980235822243	0.00139973289864584	0.0215131295775652	0.0302777379239806	1.75080352771898
LPE_PUFA_5	0.0198502198858173	0.0196805743156425	0.0169849513031456	0.0202444262923159	0.00676882937974653	0.00694119634636858	0.00617608804140157	0.00875905667866528	2.32485637276682e-05	0.000220861355412848	1.42206601822758
LPE_PUFA_6	0.0738084384058169	0.0721478429853045	0.0835017889797994	0.0734779213650774	0.0374252633834667	0.0363863036479143	0.0354028204937759	0.0469795023749847	6.49279565131441e-05	0.000411210391249913	0.955674976241275
LPE_SFA	0.0302144293780192	0.0373935971153397	0.0292237433864407	0.0414095859825192	0.0135594271985036	0.017019279634639	0.0140975246746817	0.0172661529264051	0.00463987884470586	0.00810645499304931	1.15819044768553
LPE_VeryLongChainFA	0.0854584715406781	0.0825844500728158	0.0969703544651401	0.0842968464077141	0.0420292972071869	0.0409678097561981	0.0397193675981978	0.0531565349012984	7.31145816592321e-05	0.000444536656488131	0.989974355409769
