class	nfur.D1m.1	nfur.D1m.2	nfur.D1m.3	nfur.D1m.4	nfur.NonD.2	nfur.NonD.3	nfur.NonD.4	pvalue	padj	FC
PG_LongChainFA	0.954958119400587	1.00312964318219	1.0860367465862	0.892292076239136	0.267082348973237	0.281174882574683	0.29046461330764	0.000322705999428436	0.00167139042244893	1.81558107060426
PG_MUFA	0.00977608240486075	0.00974570567860397	0.00959794782237954	0.0100947517933563	0.0094325165759714	0.0115273937124324	0.0112882392947673	0.288135050571728	0.317366142658715	-0.132867126469044
PG_PUFA	0.00886774911766059	0.00951579386828399	0.0138152294989427	0.00944665481672484	0.0107114885874427	0.0109844048572825	0.0111811646074744	0.666134623474802	0.684138261947094	-0.0739606116384592
PG_PUFA_5	0.000438165384850113	0.000490356409605814	0.00100692884086542	0.000484153664799497	0.000815013805274168	0.000901597927922248	0.000952307644359524	0.122033587983078	0.152041847323179	-0.556522094872636
PG_PUFA_6	0.00842958373281047	0.00902543745867817	0.0128083006580773	0.00896250115192534	0.00989647478216855	0.0100828069293602	0.0102288569631149	0.811918721091932	0.811918721091932	-0.0381710751367613
PG_SFA	0.945182036995726	0.993383937503586	1.07643879876382	0.88219732444578	0.257649832397266	0.26964748886225	0.279176374012873	0.00033842899769699	0.00167139042244893	1.85770186526836
PG_VeryLongChainFA	0.00886774911766059	0.00951579386828399	0.0138152294989427	0.00944665481672484	0.0107114885874427	0.0109844048572825	0.0111811646074744	0.666134623474802	0.684138261947094	-0.0739606116384592
PE_EtherLinked	1.67906804834392	1.91216597846673	1.68752647627796	1.92578548123932	1.63511397233456	1.82140886762825	1.83891593168147	0.718774757663172	0.733246732649679	0.029119789721556
PE_LongChainFA	5.5602579565545	6.22159454342816	5.43572010247127	6.11584888529632	7.21939280258825	7.5449476039938	7.68393017138548	0.00108125767878864	0.00298820303956134	-0.359243930938391
PE_MUFA	1.03293270573048	1.12531265778166	1.03269786255488	1.09057594091422	2.0285942123017	1.96676785548388	2.04606829616719	1.9692098486975e-06	7.4829974250505e-05	-0.911804876568661
PE_MediumChainFA	0.00616317543109596	0.00664403879854025	0.00676125404926491	0.0064475389397505	0.00161353755060193	0.00159191499316415	0.00197686084424134	1.86451288007045e-06	7.4829974250505e-05	1.91269389675011
PE_PUFA	4.26619961442736	4.80059413081807	4.25298568125137	4.6884114886425	6.3734886215862	6.73250248759699	6.86804987261157	0.00018641453588528	0.00134928616450298	-0.564510478825788
PE_PUFA_2	0.248311770547086	0.261723627566829	0.287023574504363	0.255431169237258	0.334523345863383	0.350003247341579	0.360606043524453	0.000682481174084429	0.00230526974357407	-0.404916823819353
PE_PUFA_3	0.0309280849480243	0.0316965619329077	0.05442977698659	0.0346315615855703	0.10382407033759	0.0557604853073823	0.0615803964269423	0.128991988783537	0.154384112559824	-0.959072481118898
PE_PUFA_4	0.211812496034162	0.232028897836017	0.23051071349694	0.230193163832321	0.16229935404946	0.161156953877355	0.158535280237851	0.000539574939780699	0.0019527474011111	0.493147241794244
PE_PUFA_5	0.806282162520325	0.92281978704141	0.734486823276764	0.91485391448457	0.645908533813003	0.704931235859992	0.701644012509659	0.0313120374846209	0.0457637470929074	0.303950059327618
PE_PUFA_6	2.96886510037776	3.35232525644091	2.94653479298671	3.25330167950278	5.12693331752276	5.46065056521068	5.58568413991267	0.000185937686890982	0.00134928616450298	-0.784295842928698
PE_SFA	2.07547407744432	2.32173944822426	1.97970371313505	2.24509489972536	2.92444166854525	3.13845668388189	3.1882349006338	0.000555387888822182	0.00196323160699934	-0.516643010576369
PE_VeryLongChainFA	3.32418271916419	3.75765871584099	3.31784663752308	3.65800397035615	5.51458888143399	5.85781916265958	5.99970163774519	0.00018627251255239	0.00134928616450298	-0.720450710170726
LPC_LongChainFA	0.0638703771041914	0.073521533603699	0.0722873623657008	0.0719293745229711	0.031168740593044	0.0279797335908048	0.0300766969140921	7.23976720454017e-05	0.000687777884431316	1.24313146954422
LPC_MUFA	0.0277409853333141	0.0317765252371398	0.0303540070607419	0.0282572207291481	0.011235339326785	0.0111827161119121	0.0111893542802331	0.000291295463071398	0.00167139042244893	1.39847123026248
LPC_PUFA	0.00580686468566912	0.00646175693985591	0.00449931377934358	0.00774795436771599	0.00279864906021689	0.00359459292718718	0.00395814142102063	0.0213655628402445	0.0328036924415875	0.828856034769567
LPC_PUFA_2	0.00142830027483689	0.00134021141970134	0.00151693105859516	0.00154528784948169	0.000537882205783135	0.000531532852216808	0.000609844858172436	3.24967136968789e-05	0.000379961575532738	1.38081361997518
LPC_PUFA_5	0.000411378608724453	0.000460599866402972	0.000309904016458322	0.000514830662785279	0.000263611961161777	0.000357521796626686	0.000368319568742156	0.145935418694989	0.170160332080514	0.363001624113809
LPC_PUFA_6	0.00396718580210778	0.0046609456537516	0.0026724787042901	0.00568783585544902	0.00199715489327198	0.00270553827834369	0.00297997699410604	0.0707630939024235	0.093530350201464	0.729836669649821
LPC_SFA	0.0746898035694215	0.0844476723215553	0.0906271344217836	0.089746304752326	0.0398676146879573	0.0362347594720385	0.0371403026342638	0.00050940724832882	0.0019527474011111	1.16900270096204
LPC_VeryLongChainFA	0.0443672764842133	0.049164420894852	0.0531930928961682	0.053822105326219	0.0227328624819152	0.023032334920333	0.0222111014214254	0.000977653479034662	0.00280383639270318	1.14579841740057
DG_LongChainFA	34.9265907386904	34.2275694534606	43.6761263537909	39.5843349475507	18.5040449266316	13.5463237691916	13.0903760380679	0.000436908316652543	0.0019527474011111	1.34046168584167
DG_MUFA	0.247332834587229	0.220251954864822	0.288749748048536	0.296675975847543	0.422418929002665	0.370331892451156	0.35798261143698	0.00781173092937784	0.0134929897871072	-0.543071331081972
DG_PUFA	0.17040597437042	0.150892637233404	0.213097047364749	0.217592670700232	0.376103883665041	0.377893467398282	0.34932910252666	0.000351871667883985	0.00167139042244893	-0.968115042182436
DG_PUFA_2	0.00826867083056985	0.00604617513151655	0.0101159129199732	0.00861627028658818	0.0130337056087636	0.00936347576504707	0.00982644440167722	0.158426337942099	0.182430328539387	-0.378635749805183
DG_PUFA_4	0.0268488925928507	0.0221558151475962	0.0408622298507793	0.029875669117454	0.0288939658674129	0.0352809691239931	0.0344675118336569	0.541960374725281	0.568123979022363	-0.135381408506832
DG_PUFA_6	0.135288410947	0.122690646954291	0.162118904593996	0.17910073129619	0.334176212188864	0.333249022509241	0.305035146291326	0.000116113934697216	0.00101131026495461	-1.11364249490069
DG_SFA	34.7396577470412	34.0625380199558	43.4239974400163	39.3629738024207	18.0870845974078	13.1659887146092	12.7246966984733	0.000404405586707427	0.00186271664180391	1.37028280270981
DG_VeryLongChainFA	0.230805817308413	0.206113158593458	0.249717881638628	0.292907501417795	0.381562483443848	0.367890305266987	0.341632374369021	0.00325576564992658	0.00706966255412628	-0.570618480857561
PC_EtherLinked	0.303351590621882	0.319977703133927	0.287820768207704	0.316728776415688	0.324055664054547	0.392400854911675	0.397579033016448	0.101905239963657	0.129079970620632	-0.274664564112006
PC_LongChainFA	21.0758660466167	22.3817279811725	20.2394511876097	22.264045792345	21.8207818704252	21.9627314561008	22.0611992610274	0.437585379142438	0.471723245600359	-0.0304213008104064
PC_MUFA	10.5106934819173	11.1555695193974	10.0859127669909	11.1260568223703	10.4048817748256	10.3289327429596	10.4562278325313	0.300810849623831	0.328944238437571	0.0441224292833052
PC_MediumChainFA	0.478490419354795	0.500344829706071	0.429584726710345	0.491740642917487	0.632779082254736	0.681700850917325	0.690297247724691	0.000755516724075459	0.0024121083094604	-0.492358024576184
PC_PUFA	5.51741939080172	5.75341036060936	4.99199584344622	5.67247286843924	6.30683201957116	6.44695859457815	6.66237974542331	0.00521756298825315	0.0101041341156605	-0.23904183473389
PC_PUFA_2	0.358703758336466	0.367316979660339	0.409134086193115	0.373604369855552	0.361617640222467	0.308999788103005	0.326024094504461	0.0794809019432131	0.104017994111328	0.183178476159492
PC_PUFA_3	0.0662622554790218	0.0647367746410294	0.0796604800680301	0.0664528822822745	0.127249213785615	0.0887317802220617	0.0953924114547238	0.0906316456140192	0.115764791036394	-0.583211998142669
PC_PUFA_4	1.02737170932976	1.07190396245279	0.990428865116677	1.05605959170651	1.01044906037603	1.07920726745971	1.09263805692445	0.479749141771448	0.506401871869861	-0.0334667633325503
PC_PUFA_5	1.8606753663899	1.95470667495916	1.59113068489278	1.9164025536652	2.19521902360312	2.37813713455996	2.43228227714684	0.00576933589577656	0.0106943787336346	-0.351135925944654
PC_PUFA_6	2.20440630126656	2.29474596889605	1.92164172717562	2.25995347092971	2.61229708158393	2.59188262423342	2.71604290539284	0.00682536014762845	0.0120634272376689	-0.282759206176652
PC_SFA	8.81814091074756	9.44007078948561	8.51577259122906	9.34296466153625	9.19103916539962	9.26169083820616	9.16677638344199	0.479075483105627	0.506401871869861	-0.0280490118122805
PC_ShortChainFA	2.47929236298981e-05	1.48755582199734e-05	1.96220830265017e-05	1.58066322115386e-05	2.73590387019828e-05	3.84000664218308e-05	5.00484056897864e-05	0.080750811218005	0.104017994111328	-1.03993535608194
PC_VeryLongChainFA	3.59298361068492	3.78485396737346	3.20933550886381	3.70025904366186	3.7717850445909	3.78444601768123	3.930304968334	0.135669861943007	0.161107961057321	-0.100234647243319
MG_LongChainFA	531.275768197908	635.457178847045	486.604246677187	631.680548078445	218.558683523788	209.967619502748	193.64182067366	0.00174587630626185	0.00442288664253002	1.46179148119465
MG_MUFA	27.9213561469821	36.0987047462151	30.8201450471305	38.3034503139878	11.3726130187072	11.6710198076549	9.93761913039168	0.00187502473103515	0.00457967212798298	1.59822812331797
MG_PUFA	186.618947000376	226.343302836337	162.560531777084	235.963071970781	78.001247814809	78.9254309571857	67.6986796869528	0.00398781694432992	0.00819119156132633	1.43800763959622
MG_PUFA_2	186.618947000376	226.343302836337	162.560531777084	235.963071970781	78.001247814809	78.9254309571857	67.6986796869528	0.00398781694432992	0.00819119156132633	1.43800763959622
MG_SFA	316.73546505055	373.015171264493	293.223569852972	357.414025793677	129.184822690272	119.371168737908	116.005521856316	0.000954351408932034	0.00278964257995518	1.46337925679819
TG_LongChainFA	13.7636912009415	13.9137110752675	10.6695192615076	15.6190802064336	3.36787324774128	3.73132967570399	3.3902268925136	0.00213076814378995	0.00483398146053839	1.94807704691126
TG_MUFA	6.7430044920826	6.89082331733219	5.27353096829675	7.72140495277667	1.62013836958713	1.79654164515282	1.63349356344389	0.00209250372708778	0.00483398146053839	1.98354307180762
TG_MediumChainFA	0.0192344753920333	0.0187238075271412	0.036092832425082	0.017491831832513	0.00653227997920682	0.00470365316020936	0.00713250058863526	0.0303631288805716	0.0448077241732708	1.90218262677832
TG_PUFA	6.98495564900675	7.38820012021526	5.12519535694107	8.22060534885187	1.72819886068718	1.89387729975888	1.77030825839841	0.00417504137701768	0.00846141719075584	1.94684019273504
TG_PUFA_2	0.312198418966205	0.309000195356248	0.263239970848231	0.350446979389812	0.0753143586134721	0.0861472770753981	0.0779334118843944	0.000777587547128683	0.0024121083094604	1.95187464351769
TG_PUFA_3	0.916142009600091	0.979185734746094	0.826234584589926	1.09613513879492	0.252225980507054	0.246355477951163	0.214881563577379	0.000764254493190832	0.0024121083094604	2.00475471853145
TG_PUFA_4	0.44389335840456	0.475505999914322	0.339419885645999	0.542198840835653	0.11289304294475	0.117590387590179	0.101347739114514	0.00372846586964935	0.00787120572481529	2.02525385539484
TG_PUFA_5	1.85535015835484	1.92423047196343	1.27873976763734	2.20883868842051	0.417148836146042	0.479981672155665	0.461542755100123	0.00572932170813641	0.0106943787336346	2.00415543414027
TG_PUFA_6	3.45737170368105	3.70027771823517	2.41756114821957	4.02298570141099	0.870616642475865	0.963802484986476	0.914602788722003	0.00545784626844217	0.0103699079100401	1.89138748536968
TG_SFA	5.06375068192057	4.97748652923315	3.82645083611156	5.56827905928309	1.24038906355345	1.40347539712152	1.28543951591258	0.00210494222752113	0.00483398146053839	1.89134571048965
TG_VeryLongChainFA	5.00878514667642	5.32407508398597	3.51956506741674	5.87371732264553	1.21432076610728	1.35786101316902	1.29188194465265	0.00525149075748144	0.0101041341156605	1.93688057872999
PI_EtherLinked	0.0223919614103955	0.0221637206053683	0.0321646324730488	0.0238498527824967	0.0477183515664244	0.0373822397608215	0.0395471533361524	0.0137744855279776	0.0230079318709076	-0.724691865312062
PI_LongChainFA	2.01985177411103	2.20303018454375	2.23710200749848	2.2090663840348	1.7189732308022	1.74037269671885	1.80875450009944	0.00124323013419931	0.00328819599701429	0.303553614562277
PI_MUFA	0.0275704688451373	0.0317068958053456	0.025537835429468	0.0357272866212983	0.0701711367396416	0.0595361392418292	0.0670206240516664	0.000897958395065583	0.00267626815784252	-1.12169734308927
PI_PUFA	1.18148423662578	1.29736409379712	1.2552499719208	1.307360518511	1.21935078771581	1.22046674365681	1.26062014875047	0.441786200121042	0.472897904354918	0.0311078402350277
PI_PUFA_2	0.000385046587250184	0.000433961233387062	0.00023531508672193	0.000512287912313362	0.00270260282372622	0.00261443344211045	0.00255879194903979	7.59714561899623e-07	7.4829974250505e-05	-2.74482231586742
PI_PUFA_3	3.51288066899205e-05	2.48552621724232e-05	1.64479452036356e-05	4.9514649827741e-05	0.00192978855137727	0.000858225338282411	0.000991944304907635	0.0676777463764126	0.0902369951685501	-5.32252296472264
PI_PUFA_4	0.748987728224328	0.80800001438567	0.896229629657255	0.800687527020493	0.388899698175982	0.411982884027418	0.429258493867578	0.000323279371584156	0.00167139042244893	0.988310809801258
PI_PUFA_5	0.196000642038792	0.218124325713768	0.170505126934473	0.220838191070192	0.179656477408858	0.185207479044067	0.195462812885142	0.312513644575962	0.339300528396759	0.108521868305918
PI_PUFA_6	0.236075690968721	0.270780937202125	0.188263452297145	0.285272997858178	0.646162220755865	0.619803721804934	0.6323481057438	0.000119760426113046	0.00101131026495461	-1.36832398040268
PI_SFA	1.15538615096696	1.27112751416309	1.2207125275136	1.27907759516114	1.14557149466473	1.15778304286982	1.19488290058951	0.105203300447786	0.132156212132756	0.0788398836703465
PI_VeryLongChainFA	0.366981043737242	0.419332039827177	0.296562959838439	0.436948869041131	0.763838539884401	0.734795468810425	0.753316326628352	0.000775281395235191	0.0024121083094604	-0.9823073785104
PS_EtherLinked	0.661184777309043	0.440717010302188	0.438960680919824	0.376066732203032	0.225928736447011	0.313987218369846	0.282555597311723	0.03944206478711	0.0555110541448215	0.805721870169915
PS_LongChainFA	32.878868065878	22.1501137580758	21.3258994072256	19.2862684632927	13.0657752612846	16.0730667904964	14.7172485059925	0.0509332897646519	0.0685120357896202	0.709816761116117
PS_MUFA	1.69948276856812	1.24640519028181	1.31355408547195	1.18681625206974	0.89704921269999	0.931180536857952	0.911297152812041	0.0298351385682709	0.044460206493894	0.5763011354564
PS_MediumChainFA	0.0286802550651236	0.0131696848305023	0.0144357655408885	0.00960443250942983	0.0086836555036668	0.0106191486021904	0.0100998930511256	0.210017245208952	0.236463861272301	0.749076545996295
PS_PUFA	7.52008871733729	6.08920013157261	6.0610498784651	5.7012480942153	5.19084620394499	5.88084020880996	5.67459924383332	0.161751928952287	0.184859347374042	0.184335113980754
PS_PUFA_2	0.646318204908738	0.462699824794154	0.450871518078501	0.397976288583912	0.285960713918576	0.359131495191901	0.325502922743562	0.0482907903306589	0.0655375011630371	0.597302878516511
PS_PUFA_3	1.06468288509538	0.863529015517417	0.87816623863918	0.796310004629762	0.551219821127079	0.648571277748838	0.608166036544041	0.0083290045190975	0.0142248167067733	0.579675801709674
PS_PUFA_4	0.162200320100071	0.13256382528164	0.14382042694558	0.125053604416102	0.106491045840871	0.121470693675911	0.114665656120489	0.0385218672120344	0.0547226524881236	0.303091322975424
PS_PUFA_5	0.767289740448751	0.687703237396615	0.661757234247923	0.691658195440281	0.46958949186627	0.538852355157782	0.525897875516866	0.00179318692085456	0.00446826904868677	0.457097303405457
PS_PUFA_6	4.87959756678435	3.94270422858279	3.92643446055392	3.69025000114525	3.7775851311922	4.21281438703552	4.10036675290836	0.799167324625272	0.80445982346385	0.0281781552826924
PS_SFA	34.2356950774857	22.5655954233568	21.813738205499	19.4659667822904	12.0999775169258	15.1515004550855	13.7559937168713	0.0420991440129386	0.0581733626360606	0.843049325482068
PS_VeryLongChainFA	10.6300364880431	7.78918113561429	7.8974297224695	7.10271478047851	5.14453926172868	5.929698912891	5.65943711920168	0.0328753260729941	0.0475909482199534	0.582892351843207
LIPID_CLASS_Cer	6.1598484447253	6.03517724846026	4.59874706500895	6.12137656552501	2.52505434049312	1.64525065642656	1.67843111386029	0.000515127134735822	0.0019527474011111	1.55506738492821
LIPID_CLASS_ChE	0.00537991479835933	0.00193621974940883	0.000907563520766005	0.00679509876267778	0.00674759363440056	0.00707078315053997	0.0062469615906919	0.124567838071311	0.152696059571285	-0.832973742827468
LIPID_CLASS_DG	17.5786982779994	17.216841306027	21.9629221177148	19.9386212244842	9.44280370503773	6.9571070372293	6.71600420621845	0.000458623572012778	0.0019527474011111	1.31524774160611
LIPID_CLASS_Hex1Cer	0.394498672843619	0.514804551529042	0.667034618340246	0.604602581919227	0.34688950600486	0.3107941594804	0.285196102935408	0.0252100342539496	0.0379398535306964	0.794767139975038
LIPID_CLASS_LPC	0.108237653588405	0.122685954498551	0.125480455261869	0.12575147984919	0.0539016030749592	0.0510120685111378	0.0522877983355175	0.000336582496759483	0.00167139042244893	1.20184642747985
LIPID_CLASS_LPE	0.135048770379311	0.138839740861302	0.142300496662651	0.14548607719812	0.0995093644993979	0.0945683392189341	0.0874965529315967	0.000631937839517146	0.00218305799105923	0.581182870254847
LIPID_CLASS_MG	531.275768197908	635.457178847045	486.604246677187	631.680548078445	218.558683523788	209.967619502748	193.64182067366	0.00174587630626185	0.00442288664253002	1.46179148119465
LIPID_CLASS_PC	12.5736824347901	13.3334708269051	11.9391955226335	13.2280306427783	13.1126866781548	13.2144583623829	13.3409257627459	0.256289429668815	0.286441127276911	-0.0504159653951951
LIPID_CLASS_PE	4.44530192557489	4.99294864903385	4.38016399702181	4.89015019729611	6.36779761078642	6.70217934082327	6.84280433498746	0.000248466793254689	0.00164204141629186	-0.505033354383896
LIPID_CLASS_PG	0.481912934259124	0.506322718525237	0.54992598804257	0.45086936552793	0.13889691878034	0.146079643715983	0.150822888957557	0.00034826542654502	0.00167139042244893	1.77529198114036
LIPID_CLASS_PI	1.19341640892414	1.31118111218546	1.26683248366846	1.32300762653797	1.2414058853433	1.23758408276464	1.2810354133639	0.564840492872894	0.588053115867671	0.0231429979500143
LIPID_CLASS_PS	21.7687924044931	14.9762322892603	14.618882447618	13.1992938381403	9.10949908925845	11.0066924259948	10.1933927591226	0.0464533227169253	0.0636117572339878	0.675900544217282
LIPID_CLASS_SM	2.1057191871476	2.28488258132403	2.39438683410321	2.28475744075054	0.848178132457932	0.909763036663812	0.978645660495122	1.13198428208815e-05	0.000211065791673813	1.31364702319564
LIPID_CLASS_TG	6.26390360766997	6.41883665559354	4.74172572044979	7.17009645363721	1.52957543127592	1.69796478067774	1.56308044591829	0.00276518927554445	0.00609143144757618	1.94501740472383
Hex1Cer_DLinked	0.394498672843619	0.514804551529042	0.667034618340246	0.604602581919227	0.34688950600486	0.3107941594804	0.285196102935408	0.0252100342539496	0.0379398535306964	0.794767139975038
Hex1Cer_LongChainFA	0.417687854048976	0.540654192963979	0.698568501837578	0.633095425887305	0.38351011901997	0.360541704416856	0.330768489963716	0.0352786173177141	0.0505882059650241	0.676218370396842
Hex1Cer_MUFA	0.0856946374068879	0.15160182090665	0.195356860537704	0.188354586305746	0.115093272080211	0.110666566330896	0.102230038405573	0.164065677680871	0.186104350802182	0.505922846421599
Hex1Cer_PUFA	0.371309491638261	0.488954910094105	0.635500734842914	0.57610973795115	0.31026889298975	0.261046614543944	0.239623715907099	0.0175502055448874	0.0275013530187927	0.938233679028646
Hex1Cer_PUFA_6	0.371309491638261	0.488954910094105	0.635500734842914	0.57610973795115	0.31026889298975	0.261046614543944	0.239623715907099	0.0175502055448874	0.0275013530187927	0.938233679028646
Hex1Cer_SFA	0.331993216642088	0.389052372057329	0.503211641299875	0.444740839581559	0.268416846939759	0.24987513808596	0.228538451558143	0.0153809833475882	0.0254120594438414	0.745092156789566
Hex1Cer_VeryLongChainFA	0.371309491638261	0.488954910094105	0.635500734842914	0.57610973795115	0.31026889298975	0.261046614543944	0.239623715907099	0.0175502055448874	0.0275013530187927	0.938233679028646
Cer_DLinked	5.74799208683175	5.67898372512513	4.35103731328512	5.82234632241675	2.42290805989107	1.57086860779819	1.59582643956485	0.0005305887089223	0.0019527474011111	1.53520006844783
Cer_LongChainFA	6.1927089751061	6.06923167840341	4.63127258655978	6.15558561189119	2.53767196222073	1.65445255479873	1.68994796665654	0.00050403884305947	0.0019527474011111	1.55525760228589
Cer_MUFA	0.0686284873244248	0.0709843088084736	0.0546504925789963	0.0753782430662154	0.0916841091354874	0.0880114521433108	0.0807149453515862	0.0174113712004578	0.0275013530187927	-0.364782430500734
Cer_PUFA	0.0216387520213377	0.0185583614217264	0.0141210902364428	0.02376604172093	0.0107213569443392	0.00538417008649185	0.00695138673476739	0.00643210257360957	0.0116390427522459	1.34479457732416
Cer_PUFA_3	0.0216387520213377	0.0185583614217264	0.0141210902364428	0.02376604172093	0.0107213569443392	0.00538417008649185	0.00695138673476739	0.00643210257360957	0.0116390427522459	1.34479457732416
Cer_SFA	12.2249913406219	11.9765694820069	9.12429874154993	12.1394427449074	4.94542316913627	3.19512723180212	3.26671949057624	0.000495155535195102	0.0019527474011111	1.57977489450077
Cer_TLinked	0.411856357893553	0.356193523335126	0.247709751723828	0.299030243108261	0.102146280602048	0.0743820486283665	0.0826046742954362	0.00502026780244543	0.00991013903859358	1.92803007757804
Cer_VeryLongChainFA	6.12698791434451	6.00112281851711	4.56622154345812	6.08716751915884	2.51243671876551	1.63604875805439	1.66691426106403	0.000526552940652898	0.0019527474011111	1.55487496123886
ALL_DLinked	8.22078346898678	8.45023025717141	7.38302318702536	8.68156184850842	3.61366191845935	2.78785945955193	2.85505218374999	5.14643584364547e-05	0.000521505498822741	1.40727270247199
ALL_EtherLinked	2.66599637768524	2.69502441250821	2.44647255787854	2.64243084264053	2.23281672440254	2.5651791806706	2.5585977153458	0.283179616123956	0.314184683582783	0.0913451730582421
ALL_LongChainFA	652.659544424933	748.073383431136	600.66552026727	748.360799390475	288.943008692605	278.446916597937	260.417669518512	0.00104131498639414	0.00293110885059091	1.31690042123098
ALL_MUFA	50.2135929835909	59.0281300851893	51.2495740513853	62.0568279728957	27.823351401971	28.2117069873955	26.5364053164028	0.00191938750858296	0.00457967212798298	1.01536466271394
ALL_MediumChainFA	0.533430154460947	0.539917202976985	0.488416431893146	0.526281747467828	0.650103894748502	0.699276873918355	0.710223657113522	0.00274371913948164	0.00609143144757618	-0.395251599635755
ALL_PUFA	213.323176996431	253.038401193402	185.864883045753	263.069155538583	99.8074731877556	102.053162016489	90.8429273182178	0.00435135519725591	0.00870271039451181	1.22975996747578
ALL_SFA	418.256859705027	463.120530072684	386.874175660517	450.280948049243	180.130352763796	167.161922969217	161.965635047246	0.000263841819920779	0.0016709981928316	1.33967125630465
ALL_ShortChainFA	2.47929236298981e-05	1.48755582199734e-05	1.96220830265017e-05	1.58066322115386e-05	2.73590387019828e-05	3.84000664218308e-05	5.00484056897864e-05	0.080750811218005	0.104017994111328	-1.03993535608194
ALL_TLinked	0.43928283572974	0.384634124141917	0.277145330427044	0.329174739686362	0.106460060496569	0.0779483930188395	0.0872206935408317	0.00347337270934887	0.00743595284254969	1.98150656135061
ALL_VeryLongChainFA	30.5268873688813	28.7075577857642	24.7003381810393	28.6631921165113	19.9808521650657	20.327750654704	20.2836665856151	0.00722241022947851	0.0126184638492038	0.478937742278346
SM_DLinked	2.07829270931142	2.25644198051724	2.36495125539999	2.25461294417244	0.843864352563411	0.906196692273339	0.974029641249726	1.18113445654935e-05	0.000211065791673813	1.30176824405188
SM_LongChainFA	3.4789854671128	3.77534456167786	3.94386017770097	3.78631774436274	1.44324397626552	1.53299327963944	1.66115281722	1.06995959914889e-05	0.000211065791673813	1.2770492223685
SM_MUFA	1.83138770497149	1.98833758411385	2.11228508274545	1.98693745802712	0.777746394417043	0.864215860880812	0.919347921703144	2.01025085200646e-05	0.000254631774587484	1.21338928139427
SM_MediumChainFA	0.000861829217899155	0.00103484211473064	0.00154185316756569	0.000997301268647124	0.00049533946029036	0.000661306245466121	0.000717154904829565	0.0402973481628363	0.0561944671628543	0.828197755599164
SM_PUFA	0.553831487659841	0.595473555765995	0.630058150842397	0.577548767993715	0.192285797487018	0.211219343993189	0.221493855552514	1.38859073469614e-05	0.000211065791673813	1.49993459160039
SM_PUFA_2	0.0629380111779995	0.0646006556307451	0.0805797937133771	0.0680879690334143	0.0301913566319417	0.0390701915498502	0.0392891539248709	0.00124128455359909	0.00328819599701429	0.93234034653513
SM_PUFA_3	0.318846058165554	0.347510096362857	0.384573202314092	0.335758543193038	0.086555706751301	0.0841468205239446	0.0888484070243142	0.000303503560214083	0.00167139042244893	2.00251603341397
SM_PUFA_4	0.145792607906538	0.154230097228167	0.133421082778334	0.148655793015535	0.0627840118517599	0.068894156312394	0.0752938580360364	4.07152772250335e-05	0.000442051581300364	1.07679268966898
SM_PUFA_5	0.0133021623786078	0.013760960214465	0.0153922865686363	0.0124617448687981	0.0104724855696071	0.0167466059708707	0.0158135398240264	0.788164473744791	0.798673333394722	-0.0632116976573746
SM_PUFA_6	0.0129526480311415	0.0153717463297609	0.0160917854679585	0.0125847178829292	0.00228223668240834	0.00236156963612897	0.00224889674326616	0.000826905382391818	0.00251379236247113	2.63280537094926
SM_SFA	1.82621918166387	1.98595402276822	2.04643043461857	2.00502865548025	0.726324073011803	0.744090868453623	0.816449543734585	9.12025709706479e-06	0.000211065791673813	1.36678748598976
SM_TLinked	0.027426477836187	0.0284406008067909	0.0294355787032166	0.0301444965781009	0.00431377989452129	0.00356634439047293	0.00461601924539541	1.22267921277155e-06	7.4829974250505e-05	2.79264027348864
SM_VeryLongChainFA	0.731591077964502	0.793385758855474	0.843371637337886	0.782199835869695	0.252616949190056	0.285871487442715	0.295421348865417	1.57378312519409e-05	0.000217468213663184	1.50260220983907
ChE_LongChainFA	0.000849352621292193	0.000320687523141405	9.97527308607359e-05	0.00119716938275842	0.000816335250555083	0.00150576818408515	0.00117148652023397	0.146651338832548	0.170160332080514	-0.917012143253038
ChE_PUFA	0.00537991479835933	0.00193621974940883	0.000907563520766005	0.00679509876267778	0.00674759363440056	0.00707078315053997	0.0062469615906919	0.124567838071311	0.152696059571285	-0.832973742827468
ChE_PUFA_5	0.000849352621292193	0.000320687523141405	9.97527308607359e-05	0.00119716938275842	0.000816335250555083	0.00150576818408515	0.00117148652023397	0.146651338832548	0.170160332080514	-0.917012143253038
ChE_PUFA_6	0.00453056217706714	0.00161553222626743	0.000807810789905269	0.00559792937991936	0.00593125838384548	0.00556501496645482	0.00507547507045793	0.126780790157646	0.152941905587002	-0.815865079462318
ChE_VeryLongChainFA	0.00453056217706714	0.00161553222626743	0.000807810789905269	0.00559792937991936	0.00593125838384548	0.00556501496645482	0.00507547507045793	0.126780790157646	0.152941905587002	-0.815865079462318
LPE_LongChainFA	0.049590298838633	0.056255290788486	0.045330142197511	0.0611892307904061	0.0239903470213181	0.0218771797782958	0.0205314051833595	0.00192828300125599	0.00457967212798298	1.26227631973208
LPE_MUFA	0.00799218743694083	0.00690985876626971	0.00720134671706939	0.0070981683865617	0.00229311657157079	0.00179237841398331	0.00192560653273619	1.25198866491876e-05	0.000211065791673813	1.86530671753463
LPE_PUFA	0.096842153564351	0.0945362849796924	0.105875406559141	0.0969783228290393	0.0778712170731011	0.0758923479451663	0.0695060339075513	0.00125470636728177	0.00328819599701429	0.405221177904762
LPE_PUFA_4	0.00318349527271678	0.0027078676787454	0.00538866627619595	0.00325597517164594	0.00123162830103629	0.000854569999597376	0.000690520272906731	0.0167238664004656	0.0273336311061372	1.97314039263354
LPE_PUFA_5	0.0198502198858173	0.0196805743156425	0.0169849513031456	0.0202444262923159	0.00951125650080643	0.0107454233651191	0.00963933842468191	0.000236289078537787	0.00163254272444289	0.945367089670299
LPE_PUFA_6	0.0738084384058169	0.0721478429853045	0.0835017889797994	0.0734779213650774	0.0671283322712584	0.0642923545804498	0.0591761752099627	0.0177454191457231	0.0275235072464277	0.253451127932065
LPE_SFA	0.0302144293780192	0.0373935971153397	0.0292237433864407	0.0414095859825192	0.019345030854726	0.0168836128597845	0.0160649124913092	0.00668295371038955	0.0119506936938731	0.987446684636855
LPE_VeryLongChainFA	0.0854584715406781	0.0825844500728158	0.0969703544651401	0.0842968464077141	0.0755190174780798	0.0726911594406383	0.0669651477482372	0.0129280431691526	0.0218340284634578	0.283958305572629
