Class	M27_KV_E	M12_EX_E	M9_EX_E	Y8_KV_E	M21_DEV_E	AY10_KV_E	AO13_KV_E	AO10_KV_E	M7_EX_E	AY3_KV_E	AY1_KV_E	M29_KV_E	AY2_KV_E	M8_EX_E	M18_D6_E	O9_KV_E	MA_M2_E	AO8_KV_E	M24_DEV_E	M4_D6_E	M5_D6_E	Y9_KV_E	O13_KV_E	O11_KV_E	M28_KV_E	O8_KV_E	M10_DEV_E	Y6_KV_E	M19_D6_E	M13_DEV_E	Y7_KV_E	AO3_KV_E
PG_LongChainFA	0.954958119400587	0.246751155935974	0.32578227624829	0.89909333628124	0.139023228282344	1.56318654292459	0.582911159915515	0.391838271191705	0.175123935491212	2.1652525096849	2.09089865255549	1.00312964318219	1.35047199220419	0.307969652287502	0.907036310216207	0.832941389835582	1.0860367465862	0.532466943105866	0.267082348973237	0.852218585981651	0.736456332592315	0.834041403647528	3.56220900457682	1.2944482969406	0.892292076239136	1.64370791972638	0.281174882574683	0.544096958666118	0.936456305020388	0.29046461330764	1.12112299802253	0.521245007865716
PG_MUFA	0.00977608240486075	0.0116739604925857	0.0133358882797606	0.00828835495745445	0.0096439444095038	0.0104068081058989	0.00848022826601251	0.00726606571822802	0.0110973713419183	0.00991790188031121	0.00976966622188876	0.00974570567860397	0.00858140626169738	0.0127152773270635	0.0121839437808704	0.0125053274805357	0.00959794782237954	0.00732595199860335	0.0094325165759714	0.0133302523013449	0.0123497624100342	0.00775304029470056	0.0165380222340762	0.0132988093214242	0.0100947517933563	0.010589616784294	0.0115273937124324	0.0060713057403826	0.0110000671309079	0.0112882392947673	0.00806623984851501	0.00736719528497228
PG_PUFA	0.00886774911766059	0.00888865092738747	0.00934906659990255	0.012055446312046	0.00844470793799677	0.0328399505309614	0.0244891709596549	0.0292696092042947	0.00885078623061032	0.0300281297745971	0.0245525290033063	0.00951579386828399	0.0282079413263369	0.00920133201979797	0.0124890160888397	0.017884914122707	0.0138152294989427	0.0257300782870412	0.0107114885874427	0.0163047300512473	0.0140126455591991	0.0121537302250225	0.0189672972343247	0.0192359213223229	0.00944665481672484	0.014367515560775	0.0109844048572825	0.00794286197746533	0.0122839033102746	0.0111811646074744	0.015507264890294	0.0222956744626752
PG_PUFA_5	0.000438165384850113	0.000796383336453776	0.000813690329697135	0.000637873725537119	0.000828848255391323	0.00139794381688609	0.00130474001381123	0.00178905908898465	0.000898228729148422	0.00130500036313304	0.00116847735904485	0.000490356409605814	0.00147161737573574	0.000835060563174566	0.000871549234097796	0.00100706671722065	0.00100692884086542	0.00147620789872779	0.000815013805274168	0.0015813596456031	0.00121795959661168	0.000628531674171392	0.00024052017051634	0.000686016045997525	0.000484153664799497	0.000443501020544249	0.000901597927922248	0.000378779450032756	0.000839818605066324	0.000952307644359524	0.000662142616440395	0.00136156173872535
PG_PUFA_6	0.00842958373281047	0.0080922675909337	0.00853537627020541	0.0114175725865089	0.00761585968260544	0.0314420067140753	0.0231844309458436	0.02748055011531	0.0079525575014619	0.028723129411464	0.0233840516442614	0.00902543745867817	0.0267363239506011	0.00836627145662341	0.0116174668547419	0.0168778474054864	0.0128083006580773	0.0242538703883134	0.00989647478216855	0.0147233704056442	0.0127946859625874	0.0115251985508512	0.0187267770638084	0.0185499052763253	0.00896250115192534	0.0139240145402307	0.0100828069293602	0.00756408252743258	0.0114440847052083	0.0102288569631149	0.0148451222738536	0.0209341127239498
PG_SFA	0.945182036995726	0.235077195443388	0.312446387968529	0.890804981323786	0.12937928387284	1.55277973481869	0.574430931649502	0.384572205473477	0.164026564149294	2.15533460780459	2.0811289863336	0.993383937503586	1.34189058594249	0.295254374960439	0.894852366435337	0.820436062355046	1.07643879876382	0.525140991107263	0.257649832397266	0.838888333680306	0.724106570182281	0.826288363352827	3.54567098234275	1.28114948761918	0.88219732444578	1.63311830294208	0.26964748886225	0.538025652925735	0.92545623788948	0.279176374012873	1.11305675817401	0.513877812580744
PG_VeryLongChainFA	0.00886774911766059	0.00888865092738747	0.00934906659990255	0.012055446312046	0.00844470793799677	0.0328399505309614	0.0244891709596549	0.0292696092042947	0.00885078623061032	0.0300281297745971	0.0245525290033063	0.00951579386828399	0.0282079413263369	0.00920133201979797	0.0124890160888397	0.017884914122707	0.0138152294989427	0.0257300782870412	0.0107114885874427	0.0163047300512473	0.0140126455591991	0.0121537302250225	0.0189672972343247	0.0192359213223229	0.00944665481672484	0.014367515560775	0.0109844048572825	0.00794286197746533	0.0122839033102746	0.0111811646074744	0.015507264890294	0.0222956744626752
PE_EtherLinked	1.67906804834392	1.50288939017909	1.57709903840699	1.22739911602522	1.63875494220221	2.48592628930276	2.75100789465346	2.79944716387455	1.52039834032288	2.44485238466779	2.13043214190299	1.91216597846673	2.17747738411125	1.5644763538443	2.09893215246583	1.46205420758035	1.68752647627796	2.61867592158719	1.63511397233456	2.05744686262514	1.7564290615559	1.16534477038664	1.50273115592988	1.39758175573306	1.92578548123932	1.20736384890908	1.82140886762825	0.918507616490736	1.8611671548458	1.83891593168147	1.21692486770654	2.62177509842638
PE_LongChainFA	5.5602579565545	6.43315094933143	6.72480297820794	6.50565141641978	6.72775081048284	7.64173764052035	7.62463173811388	7.17873051794503	6.22761878382048	7.84150576485068	7.14080812954566	6.22159454342816	7.05883880728339	6.81317666548872	5.96129459468086	6.30977216207556	5.43572010247127	6.94962124167556	7.21939280258825	5.97616359919547	5.48405093731744	6.09932828804232	7.15573309990538	6.56122917173672	6.11584888529632	5.90121704678634	7.5449476039938	4.8443422898212	5.6375387326966	7.68393017138548	6.19399953031483	7.13047684811366
PE_MUFA	1.03293270573048	1.65246083524612	1.67149970108348	1.82457702027676	1.81070417657273	1.03206696701847	1.09318498814382	0.859248114310673	1.52511023959506	1.01620545367655	1.06601874210145	1.12531265778166	0.982831078123533	1.71457780105222	1.08002052058692	1.68928786516861	1.03269786255488	0.947813903280482	2.0285942123017	1.18882594410637	1.15077197000469	1.69841178266627	1.87808418193829	1.77199966970027	1.09057594091422	1.60543762953949	1.96676785548388	1.41539900269827	1.08598198128357	2.04606829616719	1.66330905570815	0.995290884586736
PE_MediumChainFA	0.00616317543109596	0.00198819735887964	0.00273080189004839	0.00201263836352484	0.00140502300489331	0.00180911676253936	0.00124349817167012	0.00182420927706016	0.00175381271288312	0.00127612337956385	0.00114929709903741	0.00664403879854025	0.00165695661055444	0.00229505832354934	0.00472459031371833	0.00288114492566527	0.00676125404926491	0.00174864475269696	0.00161353755060193	0.00469651915449068	0.00420698176336002	0.00166869639481964	0.00159375888334145	0.00234125768507953	0.0064475389397505	0.00182154080980553	0.00159191499316415	0.00178098430377175	0.00590305655752402	0.00197686084424134	0.00153976909791547	0.00130184365752986
PE_PUFA	4.26619961442736	5.62432570173246	5.79618762989396	5.44871454961699	6.00485024025597	6.86625802132281	7.00315808993148	6.48162924672494	5.50326711838056	6.85462303749486	6.3106088464324	4.80059413081807	6.1776023403188	5.88638753057021	4.8149478828882	5.28309183057438	4.25298568125137	6.25364407352789	6.3734886215862	4.94112091830654	4.50225405566269	5.0943729243768	5.95852120585149	5.4727696931286	4.6884114886425	4.88170314404078	6.73250248759699	3.95236879339378	4.49341658430347	6.86804987261157	5.02240758549858	6.51514668362809
PE_PUFA_2	0.248311770547086	0.346088777580175	0.330995459844527	0.263013355758509	0.343612718498743	0.17642149231111	0.173268794734538	0.15032331853633	0.328859095127891	0.183207005492258	0.182380403223321	0.261723627566829	0.181366523219686	0.332406970211761	0.300803260140141	0.331608428257604	0.287023574504363	0.15100594749059	0.334523345863383	0.363181988218106	0.324079389226275	0.24508419198237	0.312031223915287	0.315085741565805	0.255431169237258	0.284838658941757	0.350003247341579	0.246591403266149	0.283128637743152	0.360606043524453	0.258915343815647	0.153203114759273
PE_PUFA_3	0.0309280849480243	0.0774759161017779	0.066392811869188	0.080688645120975	0.0930473434490177	0.0835825896574061	0.081689527723172	0.0827859792070129	0.0698084721926727	0.0944696251083765	0.0934606589681297	0.0316965619329077	0.117612129491906	0.0682153782385213	0.0357598333025059	0.0469572882711156	0.05442977698659	0.101262358135671	0.10382407033759	0.0350331023173197	0.0405044404380542	0.0720593389359993	0.039594036187705	0.0466061227413513	0.0346315615855703	0.0701410766901732	0.0557604853073823	0.146133395505456	0.0390042480569722	0.0615803964269423	0.103450389995023	0.0801458359066623
PE_PUFA_4	0.211812496034162	0.199501337840213	0.2122091276419	0.160325968629477	0.168289416416753	0.274637357438418	0.22145121842177	0.258822484856577	0.194992595609768	0.323810409055834	0.275153408689685	0.232028897836017	0.304387078471034	0.216165704471084	0.154136956868442	0.130665902103258	0.23051071349694	0.233752364065856	0.16229935404946	0.169201695703847	0.150453555350024	0.150632919291461	0.127863446816253	0.130820160722072	0.230193163832321	0.134174651645071	0.161156953877355	0.170858437981574	0.152383008335003	0.158535280237851	0.180658353441762	0.210401665339427
PE_PUFA_5	0.806282162520325	0.690798504216184	0.732897167738916	0.753356683362214	0.678921050769078	0.85291623065521	0.785364047744395	0.779311682865333	0.664106543547602	0.908853142491761	0.875377053717062	0.92281978704141	0.873175481211196	0.719706876330889	0.762246754235834	0.666451824319825	0.734486823276764	0.750936702485962	0.645908533813003	0.688898324531849	0.562473005169487	0.708737765132374	0.729292800096061	0.710532039303692	0.91485391448457	0.639947850419842	0.704931235859992	0.580600312016979	0.701442073283203	0.701644012509659	0.830809538370145	0.766808685862309
PE_PUFA_6	2.96886510037776	4.31046116599411	4.45369306279943	4.19132989674581	4.72097971112238	5.47870035126066	5.74138450130761	5.21038578125969	4.24550041190262	5.34428285534663	4.8842373218342	3.35232525644091	4.70106112792498	4.54989260131795	3.56200107834128	4.10740838762257	2.94653479298671	5.01668670134981	5.12693331752276	3.68480580753542	3.42474366547885	3.91785870903459	4.74973969883618	4.26972562879568	3.25330167950278	3.75260090634394	5.46065056521068	2.80818524462362	3.31745861688514	5.58568413991267	3.648573959876	5.30458738176042
PE_SFA	2.07547407744432	2.55078506704992	2.73710585333719	2.74769779377252	2.62278552079737	3.14148113964635	2.92408305318834	2.63440043696955	2.48366809432406	3.29668365791393	2.93466753152858	2.32173944822426	2.82883914204632	2.78897868045687	2.15135390304135	2.61988045777938	1.97970371313505	2.52645464791934	2.92444166854525	2.14843652362383	2.07299564810681	2.58270751123663	3.17762235474855	2.82413324321495	2.24509489972536	2.48733348659915	3.13845668388189	1.85082588135549	2.08222974811581	3.1882349006338	2.51770754526999	2.68205426268179
PE_VeryLongChainFA	3.32418271916419	4.64467929968043	4.81853664886563	4.59126450042619	5.11194118233148	5.79499971986829	6.05707566564801	5.51737348389925	4.56216190957996	5.67677879981167	5.20596423673935	3.75765871584099	5.01093068136673	4.90575237667047	3.95696175591511	4.52052487297571	3.31784663752308	5.31917009210539	5.51458888143399	4.08500664730903	3.75564906635584	4.29788672391644	5.16883062068838	4.70877070341421	3.65800397035615	4.12047686561679	5.85781916265958	3.15420769036598	3.67270378671738	5.99970163774519	4.08411190684274	5.60607155730755
LPC_LongChainFA	0.0638703771041914	0.022573150097945	0.0281665151111212	0.0425493170771308	0.0332367758549728	0.05131219690707	0.0286109661022176	0.0330128113924774	0.0283422906742592	0.0421365699579125	0.0323077039357594	0.073521533603699	0.0314980753754446	0.0269955324667778	0.0847673931696186	0.069049400063107	0.0722873623657008	0.028279622394379	0.031168740593044	0.0786761530400508	0.0747270436973261	0.0308116667924763	0.123230206352715	0.110459697233703	0.0719293745229711	0.150215433856983	0.0279797335908048	0.0454930778442609	0.0907527489414068	0.0300766969140921	0.0398932064813912	0.031812242587506
LPC_MUFA	0.0277409853333141	0.00919858547002844	0.0107985271830137	0.0157649849425821	0.0123554061070052	0.0140149352187601	0.0102955223524856	0.011475575967931	0.0136315207788728	0.010141384396496	0.00873089773898405	0.0317765252371398	0.00794467732642128	0.0109470097344841	0.0272332094771088	0.0289376730151984	0.0303540070607419	0.0100696573664857	0.011235339326785	0.0296455284970126	0.0269654592080453	0.0110855012136923	0.0467530524191875	0.0486240017408496	0.0282572207291481	0.073940099654156	0.0111827161119121	0.0212884823115819	0.0310418668617953	0.0111893542802331	0.0161510788325485	0.011570388646324
LPC_PUFA	0.00580686468566912	0.00189046992236256	0.00204778232871176	0.00288866449028897	0.00290579639053953	0.00885854830003233	0.00522706519446881	0.00656533080425851	0.00322404631899815	0.0078651295588934	0.00644178404021346	0.00646175693985591	0.00667998725775018	0.00268263016440986	0.00473885203892888	0.00561311048570717	0.00449931377934358	0.00417369808387675	0.00279864906021689	0.0049112103788052	0.00500092868099583	0.00317375686272779	0.0152702064398333	0.0116942234516663	0.00774795436771599	0.0193823321602095	0.00359459292718718	0.00555009330282872	0.00648316705359985	0.00395814142102063	0.00419586923934333	0.0064439768464278
LPC_PUFA_2	0.00142830027483689	0.000406955309424062	0.000486428861601493	0.00103499508786261	0.000495671322447761	0.00140981614528708	0.000608275797326387	0.000664331383243941	0.000479741235973131	0.00137356940009369	0.00161824717283637	0.00134021141970134	0.00117389114175023	0.000476665276558139	0.00111950070236854	0.00146209591849558	0.00151693105859516	0.00062533968618002	0.000537882205783135	0.00151050885239869	0.0012797552182404	0.00083480251020804	0.0039840931583403	0.00326016782846701	0.00154528784948169	0.00622273331151904	0.000531532852216808	0.00192494914818585	0.00145525783982959	0.000609844858172436	0.00167714752665885	0.000701404435266923
LPC_PUFA_5	0.000411378608724453	0.00017737869571459	0.000188331028249554	0.000267873083157965	0.000328950726593575	0.000827489790902038	0.000481877065852801	0.000641758802624931	0.000295143327713606	0.00063203359627107	0.000827159056533722	0.000460599866402972	0.000681621094582651	0.000226283390529064	0.000357176828433332	0.000420268746262296	0.000309904016458322	0.000436567704580682	0.000263611961161777	0.000330272390054223	0.000320779482134582	0.000286374825757237	0.000865229529388293	0.000729714879782987	0.000514830662785279	0.00110750494406133	0.000357521796626686	0.000347795931672393	0.000455935248967354	0.000368319568742156	0.000322061219486874	0.000621501159346138
LPC_PUFA_6	0.00396718580210778	0.00130613591722391	0.00137302243886071	0.0015857963192684	0.00208117434149819	0.00662124236384321	0.00413691233128962	0.00525924061838964	0.00244916175531141	0.00585952656252864	0.00399637781084337	0.0046609456537516	0.0048244750214173	0.00197968149732266	0.00326217450812701	0.00373074582094929	0.0026724787042901	0.00311179069311605	0.00199715489327198	0.00307042913635229	0.00340039398062085	0.00205257952676251	0.0104208837521047	0.00770434074341632	0.00568783585544902	0.0120520939046291	0.00270553827834369	0.00327734822297048	0.00457197396480291	0.00297997699410604	0.00219666049319761	0.00512107125181474
LPC_SFA	0.0746898035694215	0.0300336709600276	0.039750503486378	0.0594657590661061	0.0348610510530703	0.0965557291090145	0.0519907163333593	0.0541294378647628	0.0314873779577038	0.112610711070616	0.0943519720336686	0.0844476723215553	0.0764806042245783	0.0401009114846992	0.103087542732971	0.0780915735253158	0.0906271344217836	0.0511371695389956	0.0398676146879573	0.0948518865156729	0.0885027041519468	0.0534163901701274	0.213574914478182	0.117181122668164	0.089746304752326	0.130615789871975	0.0362347594720385	0.0438689590515511	0.104106979102162	0.0371403026342638	0.0650125479604119	0.049089543162624
LPC_VeryLongChainFA	0.0443672764842133	0.0185495762544736	0.0244302978869823	0.0355700914218464	0.0168854776956421	0.068117015720737	0.038902337778096	0.039157533244475	0.0200006543813156	0.0884806550680927	0.0772169498771068	0.049164420894852	0.0596071934333053	0.0267350189168154	0.0502922110793901	0.0435929569631144	0.0531930928961682	0.0371009025949789	0.0227328624819152	0.0507324723514399	0.0457420483436619	0.0368639814540712	0.152367966984488	0.0670396506269766	0.053822105326219	0.0737227878293579	0.023032334920333	0.0252144568217008	0.0508792640761507	0.0222111014214254	0.0454662895509126	0.0352916660678698
DG_LongChainFA	34.9265907386904	11.1980987866957	13.7565756900247	38.058443850696	5.65470750870453	54.8892759213561	23.7916943742877	19.2777129198826	7.71808402936964	120.287409056721	95.8962674620765	34.2275694534606	61.2841007827301	13.0752566641993	44.7064253032382	45.3911680859134	43.6761263537909	27.2431605646421	18.5040449266316	65.836819110427	36.3953236155537	43.4096094184586	170.215885747001	58.8977475996648	39.5843349475507	79.1443883014656	13.5463237691916	26.0092333381829	40.6225119601658	13.0903760380679	49.0841242724873	23.9194207059629
DG_MUFA	0.247332834587229	0.374495455147994	0.355639852561735	0.262195673499895	0.282022819810962	0.287813574737175	0.189092198331977	0.121345744709134	0.269422194602475	0.348134182101592	0.358336091247061	0.220251954864822	0.242408564091176	0.370816701191667	0.349751676731942	0.611314755258812	0.288749748048536	0.192600382260692	0.422418929002665	0.371602484654565	0.388142801467041	0.256082331785689	0.642477994294629	0.437657356201184	0.296675975847543	0.502334859158043	0.370331892451156	0.258859463102815	0.400157905752839	0.35798261143698	0.333152332868571	0.157092045201853
DG_PUFA	0.17040597437042	0.381057623803689	0.350538241943987	0.145376310579188	0.276716188005619	0.126393588389661	0.110881299236803	0.0775604679560695	0.292654017842635	0.150026722967592	0.143540524571037	0.150892637233404	0.126932481969276	0.375640227754456	0.28419271532656	0.445772031989034	0.213097047364749	0.121302613721929	0.376103883665041	0.290002132065892	0.312538954974187	0.13773429286354	0.349821891349142	0.308111100562627	0.217592670700232	0.274779407942134	0.377893467398282	0.143295369612838	0.307298324854711	0.34932910252666	0.161975617925942	0.104650608834108
DG_PUFA_2	0.00826867083056985	0.0127974109166176	0.0112458930952087	0.0087465578273162	0.00863887233861795	0.00702271070491313	0.00490893298574573	0.00315894485438463	0.00742327946507399	0.00901983341872237	0.00937353164660489	0.00604617513151655	0.00665915610155555	0.0112769426709795	0.0104489207778974	0.0208640014584796	0.0101159129199732	0.00607871021901756	0.0130337056087636	0.0123835183369108	0.0121568980536583	0.00750614053898678	0.0170509386433267	0.0128615407789264	0.00861627028658818	0.018432726442499	0.00936347576504707	0.0121846427827244	0.0138947864508418	0.00982644440167722	0.0121192074997458	0.00385610467246241
DG_PUFA_4	0.0268488925928507	0.0578397753922736	0.0538616975551119	0.00691909642249254	0.033670403123993	0.00630190719813673	0.00530860638402083	0.00789064508339338	0.0499113029740349	0.0142440685847138	0.00833959815259203	0.0221558151475962	0.01043213283696	0.0525005315619605	0.0325265430648217	0.0247519188143968	0.0408622298507793	0.00994800799864675	0.0288939658674129	0.0346313921407148	0.0299256615575909	0.00761258179014052	0.021419890363457	0.0232387175939734	0.029875669117454	0.0181968060822922	0.0352809691239931	0.014502777289503	0.0322489111985237	0.0344675118336569	0.0105066395164997	0.00772514350309103
DG_PUFA_6	0.135288410947	0.310420437494798	0.285430651293667	0.129710656329379	0.234406912543008	0.113068970486612	0.100663759867036	0.0665108780182915	0.235319435403526	0.126762820964156	0.12582739477184	0.122690646954291	0.10984119303076	0.311862753521516	0.241217251483841	0.400156111716157	0.162118904593996	0.105275895504265	0.334176212188864	0.242987221588266	0.270456395362937	0.122615570534412	0.311351062342359	0.272010842189727	0.17910073129619	0.238149875417343	0.333249022509241	0.116607949540611	0.261154627205345	0.305035146291326	0.139349770909696	0.0930693606585544
DG_SFA	34.7396577470412	10.7807440854201	13.3747244401417	37.8875733284645	5.34618471573387	54.6760160708813	23.6314674310708	19.1917248226063	7.41105170121995	120.151721306181	95.7092219812337	34.0625380199558	61.1464739862775	12.675626218	44.4575101951681	44.8251043340638	43.4239974400163	27.1019691372564	18.0870845974078	65.5604624447955	36.0576283083073	43.2514398210583	169.910385056234	58.571046302103	39.3629738024207	78.7987973043345	13.1659887146092	25.795195296945	40.3082949161665	12.7246966984733	48.873994383198	23.815671447554
DG_VeryLongChainFA	0.230805817308413	0.338198377676036	0.324326844622664	0.236701461847513	0.250216214845912	0.200947312652031	0.139746554351857	0.1129181153889	0.25504388429542	0.362473154529168	0.314831134975344	0.206113158593458	0.231714249607921	0.346826482746842	0.385029283988496	0.491023035398259	0.249717881638628	0.172711568596993	0.381562483443848	0.385247951088878	0.362986449194867	0.235647027248879	0.686799194877094	0.419067159201994	0.292907501417795	0.4315232699691	0.367890305266987	0.188116791477805	0.393239186608192	0.341632374369021	0.284998061505225	0.157993395627028
PC_EtherLinked	0.303351590621882	0.401943254848518	0.426804326028432	0.220773259227499	0.31250493180099	0.384610536878503	0.355580623844868	0.371930996609839	0.403118904316115	0.395397248177737	0.316160172770348	0.319977703133927	0.340290234979853	0.429017591535553	0.353682034993962	0.294954279422981	0.287820768207704	0.3226472766697	0.324055664054547	0.341692734496478	0.327231270663682	0.218607420268223	0.321671168980286	0.268867964768771	0.316728776415688	0.236551753256203	0.392400854911675	0.164289681957942	0.356572504637988	0.397579033016448	0.184896446029194	0.307790536951634
PC_LongChainFA	21.0758660466167	18.8163982805228	20.2443573759327	20.8237504687426	19.484567158102	22.2677813039627	21.808126181217	19.1978615197029	18.4180765910563	22.4227386601994	19.6297039066271	22.3817279811725	18.9005352801799	20.2539101525158	22.6113386039351	22.7780966901649	20.2394511876097	19.2265207222818	21.8207818704252	22.4852184262523	21.9651735108444	19.9864746923215	25.0877612579034	23.0645782695212	22.264045792345	20.5189755140634	21.9627314561008	16.7475380300146	22.5642392919283	22.0611992610274	19.3073209322584	19.971574721145
PC_MUFA	10.5106934819173	8.89013773633126	9.54698308601781	9.90487589684795	9.30536637335331	9.9564510944415	9.54725607718517	8.74965841229298	8.60167923076409	10.1859495498298	8.92232801250983	11.1555695193974	8.6461646937908	9.57582759575204	11.053562000365	10.9931337916393	10.0859127669909	8.63866623045278	10.4048817748256	10.9980386278543	10.7719101932685	9.46488342222804	11.9583568952004	11.0827267182681	11.1260568223703	9.96721902242659	10.3289327429596	8.09491318650597	11.0648257475157	10.4562278325313	9.18611397356298	9.01316481364921
PC_MediumChainFA	0.478490419354795	0.591574616264034	0.587013295607612	0.586867969083515	0.674795890789207	1.20133060307458	1.00733461954514	1.16246310304371	0.585770185085981	1.19599261876949	1.09343107697389	0.500344829706071	1.18534694193368	0.571258157386102	0.532452646243168	0.351619730426786	0.429584726710345	1.02720183613928	0.632779082254736	0.378335315433483	0.354139978827721	0.541505650276599	0.410035160371254	0.387132968757249	0.491740642917487	0.446733800223037	0.681700850917325	0.500114776276215	0.539504091040238	0.690297247724691	0.563275447539764	1.09732585865137
PC_PUFA	5.51741939080172	5.72506382975166	5.87547024018063	5.37338296022878	5.99279708221331	8.73956410171618	8.01931496734118	8.16765900158569	5.48488333249831	8.30700827753687	7.20641138732018	5.75341036060936	7.45601031627956	5.84338524842371	5.79054743539244	5.69298272134872	4.99199584344622	7.31241781952327	6.30683201957116	5.31826196770498	5.36032902073213	5.14810696826309	5.77479957470091	5.66480467412081	5.67247286843924	5.24293170066426	6.44695859457815	4.50204475350522	5.79988531316936	6.66237974542331	4.78862972530066	7.55854359447665
PC_PUFA_2	0.358703758336466	0.338412685418782	0.359829525087977	0.362386699785808	0.35999830435937	0.27815713575728	0.266989297108765	0.270398353594432	0.336971267407734	0.304823212442486	0.283049198334767	0.367316979660339	0.302399365648902	0.352169063196376	0.384278065135967	0.430202326404471	0.409134086193115	0.295461392155376	0.361617640222467	0.390949772491285	0.395284268141379	0.344447579018591	0.452219467246099	0.418591610474016	0.373604369855552	0.412527448463107	0.308999788103005	0.363623699577113	0.407945465366035	0.326024094504461	0.364903857153442	0.271479800625981
PC_PUFA_3	0.0662622554790218	0.0950303428722915	0.0864331997141078	0.103655541229522	0.1217328750374	0.114662831262097	0.117536729129943	0.119391650191225	0.092624847787598	0.109589775333285	0.103306466797077	0.0647367746410294	0.120829399374596	0.0861242609758941	0.0706720232411739	0.07965213477198	0.0796604800680301	0.130312040102423	0.127249213785615	0.0641655831570204	0.0734174791246845	0.0983467238330171	0.072011875240949	0.0792890901974044	0.0664528822822745	0.0887258670290593	0.0887317802220617	0.125710492955397	0.0795075326737347	0.0953924114547238	0.106993492537351	0.115766605512992
PC_PUFA_4	1.02737170932976	1.03646500849998	1.07430667789466	0.95786370550786	1.07391791817453	1.78388085677037	1.51392210776864	1.67009649499953	1.00712469381985	1.79112802206208	1.61927379581565	1.07190396245279	1.71777709289963	1.03360206435993	1.06515719753266	0.831476267147881	0.990428865116677	1.48908593794149	1.01044906037603	0.921194538228684	0.875319151800952	0.890216849988674	0.819300002414628	0.830915815430737	1.05605959170651	0.849135737485129	1.07920726745971	0.871703896704821	1.09521194687878	1.09263805692445	0.954206546945443	1.53994219027723
PC_PUFA_5	1.8606753663899	1.92817729094467	1.99442599594175	1.83628648085494	1.93367865830111	3.51803764970253	3.23824469149204	3.2570611549953	1.79875443161583	3.34374223199246	2.78269525781545	1.95470667495916	2.865803914018	2.01361465553796	1.95871561719913	1.8104124907724	1.59113068489278	2.8559617828072	2.19521902360312	1.72098605987479	1.71575050751731	1.76945435818886	1.93759398478725	1.91153120742296	1.9164025536652	1.77287565988268	2.37813713455996	1.45758842468596	1.92638172094711	2.43228227714684	1.59930240661059	2.99692304362909
PC_PUFA_6	2.20440630126656	2.32697850201593	2.36047484154213	2.11319053285065	2.5034693263409	3.04482562822391	2.88262214184179	2.85071134780521	2.24940809186731	2.75772503570656	2.41808666855724	2.29474596889605	2.44920054433844	2.35787520435355	2.31172453228351	2.54123950225199	1.92164172717562	2.54159666651679	2.61229708158393	2.2209660139532	2.30055761414781	2.04564145723395	2.49367424501198	2.4244769505957	2.25995347092971	2.11966698780429	2.59188262423342	1.68341823958193	2.2908386473037	2.71604290539284	1.76322342205384	2.63443195443136
PC_SFA	8.81814091074756	7.84207522600138	8.50109822860296	9.26714665854835	8.23544449017108	9.58257582558546	9.58937266986438	7.87820799846803	7.81883153630682	9.59611337465218	8.62480260739633	9.44007078948561	8.07342296994004	8.45176183381145	9.59952988676731	9.83789181607847	8.51577259122906	8.26378352358066	9.19103916539962	9.55074785833759	9.20556353205247	8.9023977411821	11.0610065441376	9.98563048128831	9.34296466153625	8.78986823484682	9.26169083820616	7.23306033737201	9.53784523432968	9.16677638344199	8.71072512668936	8.65139201451444
PC_ShortChainFA	2.47929236298981e-05	3.4402322672766e-05	2.85541354988481e-05	1.96252812864736e-05	1.83636241619941e-05	3.12696165754952e-05	1.96785867522973e-05	2.10349181312806e-05	2.7292502787519e-05	1.22127678919908e-05	1.74421778112813e-05	1.48755582199734e-05	1.5504051351188e-05	3.97228736142546e-05	3.17278585302536e-05	2.90507588358286e-05	1.96220830265017e-05	1.07192026190649e-05	2.73590387019828e-05	4.16716458282266e-05	5.00889612621628e-05	2.02819779131331e-05	2.96116543656508e-05	2.95387701599299e-05	1.58066322115386e-05	3.21415100721421e-05	3.84000664218308e-05	1.32632054912998e-05	4.07788852675193e-05	5.00484056897864e-05	1.12572892613115e-05	1.63628873755022e-05
PC_VeryLongChainFA	3.59298361068492	3.4496054727308	3.51757155369524	3.3544796796188	3.68507010056555	5.19298065563723	4.69495760826874	4.80585652452764	3.30291977301996	4.8647765921621	4.34572899572091	3.78485396737346	4.42911379828857	3.47335932825553	3.65166052473627	3.68761016656632	3.20933550886381	4.28264071106039	3.7717850445909	3.34300823811738	3.34367416833323	3.20489346881797	3.61668719267532	3.54878655422401	3.70025904366186	3.269453110255	3.78444601768123	2.74447795961042	3.65335413767809	3.930304968334	2.99858996976756	4.46089634328069
MG_LongChainFA	531.275768197908	165.511049866439	226.649178841692	571.440332343048	112.48057490277	752.168653712352	350.736485147541	313.859614605471	145.808521770598	1453.72723994934	977.394917096099	635.457178847045	907.076613291677	283.763834026507	611.250716948116	437.836826175399	486.604246677187	377.213927516693	218.558683523788	437.556835065208	430.002828992397	530.832047725188	1828.40627358941	786.881036086569	631.680548078445	867.511036218817	209.967619502748	361.367258689873	620.289519167468	193.64182067366	534.159300017294	329.946699334938
MG_MUFA	27.9213561469821	9.64629400452548	13.129376240207	29.0892578097193	6.50792739662337	40.382767274854	20.2869042203988	16.7483056705459	8.04820975473151	79.9279305393336	55.5072112850512	36.0987047462151	47.366606886434	16.1707945322835	31.5481817748062	27.8475221164213	30.8201450471305	20.4224084028422	11.3726130187072	25.5064978621441	23.638091660825	27.9051337736484	111.656385463094	45.7255942627857	38.3034503139878	58.8103720103196	11.6710198076549	19.5621841592561	29.3873782552416	9.93761913039168	29.5782860712148	18.446852303396
MG_PUFA	186.618947000376	59.6070266463532	77.3582535766567	194.988534289217	40.1475303171617	237.545838099817	118.13193056501	111.008824178876	53.7474721265329	519.857237934912	350.110081550139	226.343302836337	321.479441191483	98.863964099577	210.359799726766	148.022950760035	162.560531777084	137.454375165685	78.001247814809	142.61961854698	138.653048060978	179.973248649171	547.877655281792	235.455779727701	235.963071970781	274.976279756201	78.9254309571857	125.561810817349	204.793778538229	67.6986796869528	176.565975045754	107.538385029279
MG_PUFA_2	186.618947000376	59.6070266463532	77.3582535766567	194.988534289217	40.1475303171617	237.545838099817	118.13193056501	111.008824178876	53.7474721265329	519.857237934912	350.110081550139	226.343302836337	321.479441191483	98.863964099577	210.359799726766	148.022950760035	162.560531777084	137.454375165685	78.001247814809	142.61961854698	138.653048060978	179.973248649171	547.877655281792	235.455779727701	235.963071970781	274.976279756201	78.9254309571857	125.561810817349	204.793778538229	67.6986796869528	176.565975045754	107.538385029279
MG_SFA	316.73546505055	96.2577292155608	136.161549024828	347.362540244112	65.8251171889852	474.240048337681	212.317650362133	186.102484756049	84.0128398893335	853.942071475093	571.777624260909	373.015171264493	538.23056521376	168.729075394646	369.342735446544	261.966353298943	293.223569852972	219.337143948166	129.184822690272	269.430718656084	267.711689270594	322.953665302369	1168.87223284453	505.699662096082	357.414025793677	533.724384452296	119.371168737908	216.243263713268	386.108362373998	116.005521856316	328.015038900325	203.961462002263
TG_LongChainFA	13.7636912009415	3.36858188192204	4.42507391878336	19.2011300712042	4.72027501407714	2.48900110793217	1.2032368986324	2.49923400728323	3.86302226666326	2.87506553484038	2.52740414783352	13.9137110752675	2.48449409799388	4.58565973932066	22.1793907645495	144.645393078016	10.6695192615076	3.49858732759023	3.36787324774128	6.57272876362361	19.9256265041299	7.16238150565086	33.1887215470167	25.5374133732256	15.6190802064336	31.3996714950458	3.73132967570399	9.94156738496155	35.1018394308051	3.3902268925136	18.5549999869015	3.8593703951789
TG_MUFA	6.7430044920826	1.62302447675189	2.14110073013792	9.22272805954373	2.31609630107423	1.00244795771442	0.508521484895754	1.19372013286916	1.88865352311869	1.05052275664404	0.956673564965217	6.89082331733219	1.03040644334834	2.25911682128354	10.9177708284088	73.3413665403232	5.27353096829675	1.68177719850875	1.62013836958713	3.13205202758253	9.89629581403845	3.37151719329732	16.5570283831618	12.867078263854	7.72140495277667	15.406443819038	1.79654164515282	4.83917799317338	17.2374805076873	1.63349356344389	8.86190231902989	1.87264201612543
TG_MediumChainFA	0.0192344753920333	0.00650711999920932	0.00665469773681438	0.0210755052405743	0.00161968536596266	0.0394648994592436	0.0126438071851358	0.00828869728363227	0.00341888341740597	0.059242297077722	0.0591467552517532	0.0187238075271412	0.0309860575809798	0.00679033343456097	0.0129350883076375	0.0102619558209013	0.036092832425082	0.012874995790617	0.00653227997920682	0.031811967400464	0.019283108701105	0.016730945755271	0.0692754871075685	0.0217278076835861	0.017491831832513	0.0440069853294114	0.00470365316020936	0.0097971842870462	0.0171511416495108	0.00713250058863526	0.0224588618115998	0.0100385247078151
TG_PUFA	6.98495564900675	1.65093155769755	2.22146571423854	8.12728804463884	2.45130575370203	0.719158013481839	0.421237610014491	1.10490265814434	1.95563541490806	0.683255638635509	0.650633112310016	7.38820012021526	0.765598915946691	2.34434983645318	11.1239711153195	70.8996862397009	5.12519535694107	1.50694103160153	1.72819886068718	3.27852597986583	9.45884176618023	3.09148378902875	15.6365053951476	12.1349763332696	8.22060534885187	13.4513580770982	1.89387729975888	3.92649161734307	16.9448268086443	1.77030825839841	7.71653620329097	1.76937238111476
TG_PUFA_2	0.312198418966205	0.0819951329554397	0.109444908968136	0.519678492195986	0.110197900434569	0.0744791447859779	0.0333518938088314	0.0590984684782469	0.0947953662098693	0.0847476712846701	0.0795173082972739	0.309000195356248	0.0683737137123466	0.108540146432055	0.518668188182055	3.76372264814059	0.263239970848231	0.0834910160096222	0.0753143586134721	0.140536624903082	0.50419476560393	0.183241715644835	0.885156598453157	0.678020747528228	0.350446979389812	0.883226612872639	0.0861472770753981	0.270885609627977	0.844748117851601	0.0779334118843944	0.47282034424992	0.0867993970050174
TG_PUFA_3	0.916142009600091	0.249740548881249	0.319930732205223	1.53524637196864	0.380180892602467	0.147842300579404	0.065743473485992	0.159769694025889	0.304139966362547	0.15264571893745	0.137371170720547	0.979185734746094	0.15437553610916	0.325273045880057	1.61412728116647	10.9381623897504	0.826234584589926	0.2373975140369	0.252225980507054	0.397400991346505	1.48744962212492	0.560780912603284	2.33659902666703	1.84066485709844	1.09613513879492	2.41005092772004	0.246355477951163	0.933072440786504	2.8918302223972	0.214881563577379	1.69644763689875	0.251272627737105
TG_PUFA_4	0.44389335840456	0.104303953404098	0.133422264983984	0.703365179306266	0.183084990504199	0.031611442304815	0.0199068912427608	0.0605758300703991	0.133322204247582	0.0286906097904592	0.0261951549692796	0.475505999914322	0.0383588029922858	0.147555624993487	0.772616703328302	5.22152216656752	0.339419885645999	0.0891038940625203	0.11289304294475	0.159899832206431	0.626009036942415	0.273567799626801	1.07433967453738	0.857132818011725	0.542198840835653	0.956668110104222	0.117590387590179	0.347575078201401	1.33128288337809	0.101347739114514	0.777745939006402	0.11310707204815
TG_PUFA_5	1.85535015835484	0.397933283013385	0.546001550088364	1.90636671530961	0.590781981871242	0.174807734117591	0.11225889185718	0.290134735534783	0.470558477059915	0.169197400730845	0.161367906012603	1.92423047196343	0.186977515051673	0.596597510329639	2.92973519528477	17.7274101441328	1.27873976763734	0.391065660450834	0.417148836146042	0.890096925285453	2.32949876223534	0.73597637681297	3.9505889220683	3.04559986932563	2.20883868842051	3.18778391859361	0.479981672155665	0.88083971014244	4.10397153470846	0.461542755100123	1.77570207649085	0.461922562915604
TG_PUFA_6	3.45737170368105	0.816958639443375	1.11266625799283	3.46263128585834	1.18705998828955	0.29041739169405	0.189976459619726	0.535323930035026	0.952819401028144	0.247974237892085	0.246181572310312	3.70027771823517	0.317513348081226	1.16638350881794	5.28882374735788	33.2488688911095	2.41756114821957	0.705882947041658	0.870616642475865	1.69059160612436	4.51168957927362	1.33791698434086	7.38982117342173	5.71355804130557	4.02298570141099	6.01362850780774	0.963802484986476	1.49411877858475	7.77299405030893	0.914602788722003	2.99382020664504	0.856270721408888
TG_SFA	5.06375068192057	1.25528884072724	1.64184330812136	6.89885876184868	1.62352146140708	1.2399991780391	0.563980054002624	0.976046924557059	1.36751260966522	1.58150479431811	1.35324185249219	4.97748652923315	1.19122526822212	1.65485028816712	7.83962745260878	48.2725645558121	3.82645083611156	1.33921380480351	1.24038906355345	2.64064157258318	7.03912876605001	2.65677598767419	11.7460812120988	8.81642213253216	5.56827905928309	11.2299572025658	1.40347539712152	3.3919833406151	12.109311323642	1.28543951591258	6.43018719839731	1.44867993774038
TG_VeryLongChainFA	5.00878514667642	1.15415587325542	1.57268113597765	5.02666928958647	1.66902881674023	0.433139141843936	0.277858443095331	0.7671470110037	1.3453603976113	0.380975357679549	0.37399762668215	5.32407508398597	0.471750471942293	1.66586687314861	7.68904354347993	47.857962301999	3.51956506741674	1.01646971153295	1.21432076610728	2.44667884900747	6.44935673343772	1.94066451859413	10.6816179562839	8.25933554874656	5.87371732264553	8.64408061832682	1.35786101316902	2.20628838188295	11.172628067519	1.29188194465265	4.43116687200502	1.22128541509385
PI_EtherLinked	0.0223919614103955	0.0310870844035952	0.0320601563373206	0.0439072982934187	0.0363587258036188	0.0522567113605022	0.0466693321170704	0.0407932366495235	0.0277478413343992	0.0597160751265197	0.0620320977405181	0.0221637206053683	0.0634446274099291	0.0324980764959942	0.0322037196706017	0.0357997234920903	0.0321646324730488	0.0499258321772237	0.0477183515664244	0.0314598577122902	0.0326426013120043	0.0401068655428675	0.0555178319776863	0.0459482403267533	0.0238498527824967	0.0509593872297852	0.0373822397608215	0.0523799971193073	0.0309397810652443	0.0395471533361524	0.0509908850254635	0.038790515203599
PI_LongChainFA	2.01985177411103	1.62657781105142	1.70472740964737	1.47862808294835	1.62430815280398	2.24531557128619	2.16956736663472	2.2926380136597	1.61490807444061	2.37537685903885	1.97582713072955	2.20303018454375	2.11011403740913	1.73260637899897	1.87517489394261	1.59330916418411	2.23710200749848	2.04189104927383	1.7189732308022	1.9088791402457	1.80847978285301	1.45970248545347	1.83412369849652	1.68894871248846	2.2090663840348	1.52232232029102	1.74037269671885	1.32100043393187	1.85348702796866	1.80875450009944	1.48663023439119	1.98991154522986
PI_MUFA	0.0275704688451373	0.0561961810556985	0.0601898596625835	0.0527264438657279	0.0657277989924264	0.0841562316964248	0.0805345610910448	0.0814910338082668	0.0679768116778904	0.0846953085033434	0.0891030798297261	0.0317068958053456	0.0897065239895257	0.063897584251735	0.0435290686653132	0.0470396196666218	0.025537835429468	0.0813275111241351	0.0701711367396416	0.0339405597755095	0.0334866964507649	0.0572459367218422	0.0548721606975412	0.0597012006222638	0.0357272866212983	0.0523861496299625	0.0595361392418292	0.0427285605434237	0.04105964008702	0.0670206240516664	0.0478084197531417	0.0869243812120362
PI_PUFA	1.18148423662578	1.08364870260302	1.13893795758419	1.07610124157104	1.13460700489758	1.78425967903016	1.77523477083741	1.86214547810183	1.09415320002621	1.83574195287728	1.58625602377411	1.29736409379712	1.66363056205739	1.16282680325683	1.15255724666673	1.09414688053091	1.2552499719208	1.66496697047874	1.21935078771581	1.14486649694578	1.08954980542026	1.05549290034059	1.27958963130214	1.1873732945224	1.307360518511	1.05640375735012	1.22046674365681	0.916029604926766	1.11731751501664	1.26062014875047	1.05734556041699	1.64536978996621
PI_PUFA_2	0.000385046587250184	0.0019227308383274	0.00174366587755843	0.003532898516678	0.00251827763843883	0.0071005772233143	0.00693080429493457	0.00597078794207813	0.00228849600351497	0.00576340493372124	0.00575719656216001	0.000433961233387062	0.00550356313371873	0.00199404979633523	0.000293701121024905	0.00160023525888653	0.00023531508672193	0.00601399737749218	0.00270260282372622	0.000285181946885821	0.000232918458360937	0.00346367763849676	0.00136184952097326	0.00212942750983966	0.000512287912313362	0.00201959380767468	0.00261443344211045	0.00311784179347405	0.000256721120137794	0.00255879194903979	0.00300855791680336	0.00617590667284636
PI_PUFA_3	3.51288066899205e-05	0.00105524784658737	0.000868961890916632	0.00193927084205274	0.00143265135058428	0.00258883454239069	0.00312359154173763	0.00313030274623784	0.000917751819309887	0.00270612085188801	0.00306105453804078	2.48552621724232e-05	0.00418441035857307	0.000906625929202216	3.67372170683723e-05	0.000415848236888617	1.64479452036356e-05	0.00431325521536381	0.00192978855137727	2.88371920875738e-05	6.17784403104342e-07	0.00179154227826346	1.46515229960846e-05	0.00048166745765914	4.9514649827741e-05	0.00105166036940548	0.000858225338282411	0.00335363075566199	1.00915355821984e-05	0.000991944304907635	0.00235416909580375	0.00342453177736839
PI_PUFA_4	0.748987728224328	0.454437513413721	0.474196816538589	0.309891511920251	0.387803018204133	0.43505373993451	0.363831251367461	0.402503664412395	0.427965265036653	0.499169799367624	0.356500593591373	0.80800001438567	0.406561846105335	0.475639117917126	0.609649423643896	0.397109442535397	0.896229629657255	0.340993310460919	0.388899698175982	0.664256347945332	0.626678804255262	0.307904143862335	0.437983803991291	0.387335215129845	0.800687527020493	0.360931673866398	0.411982884027418	0.340015973940687	0.621879004699744	0.429258493867578	0.33788545558964	0.311020435027422
PI_PUFA_5	0.196000642038792	0.149773663893157	0.160407109766151	0.204855367486559	0.163082946186157	0.189180130414113	0.170504939084144	0.17153765687621	0.138803070929069	0.185235998046723	0.174932808403101	0.218124325713768	0.176422718297566	0.160551458482771	0.221778218509484	0.235088720051059	0.170505126934473	0.157028748011688	0.179656477408858	0.204604739494005	0.184916322176702	0.202379341469615	0.261713021311606	0.251673093560522	0.220838191070192	0.203125278679076	0.185207479044067	0.149255398334157	0.209689827176604	0.195462812885142	0.204625848764631	0.155531546450984
PI_PUFA_6	0.236075690968721	0.476459546611229	0.501721403510979	0.555882192805502	0.579770111518269	1.15033639691583	1.23084418454913	1.27900306612491	0.52417861623766	1.14286662967732	1.04600437067943	0.270780937202125	1.0709580241622	0.5237355511314	0.320799166175254	0.459932634448676	0.188263452297145	1.15661765941327	0.646162220755865	0.275691390367466	0.277721142745536	0.539954195091876	0.57851630495527	0.545753890864538	0.285272997858178	0.489275550627567	0.619803721804934	0.420286760102786	0.285481870484572	0.6323481057438	0.509471529050116	1.16921737003759
PI_SFA	1.15538615096696	1.03243940933711	1.08705444475761	0.988358197081459	1.07478394300892	1.62124259995058	1.63091258165704	1.72758897324426	1.04497519160036	1.68422364159196	1.42242195298653	1.27112751416309	1.50464154479961	1.10941736162852	1.11632184510365	1.03932217393859	1.2207125275136	1.52559529826884	1.14557149466473	1.10994654982245	1.05380174594537	0.972798622405725	1.2064202627859	1.11634733460798	1.27907759516114	0.981574949527009	1.15778304286982	0.834751291640795	1.08316078735092	1.19488290058951	0.97317712880792	1.51100194985345
PI_VeryLongChainFA	0.366981043737242	0.576793566348007	0.613515008694345	0.682465097863301	0.687169319898558	1.29659965075148	1.36378387906785	1.41938070814418	0.619944970198247	1.28900011906025	1.18398602360133	0.419332039827177	1.21130922084733	0.636033446634114	0.469436986163678	0.6229992334441	0.296562959838439	1.27992456277511	0.763838539884401	0.411334324010328	0.40100106627539	0.665941839557553	0.762276188266749	0.720421357590941	0.436948869041131	0.619001923445858	0.734795468810425	0.524889020298423	0.418990695551161	0.753316326628352	0.642691759612329	1.29217509100545
PS_EtherLinked	0.661184777309043	0.239861852095595	0.246251205976652	0.270063570286086	0.171024284899644	0.704584362205492	0.634557850723024	0.46878809672297	0.185396343254594	0.57513315781802	0.664411539955891	0.440717010302188	0.497649110181885	0.224935063399195	0.375583527748981	0.33468639554295	0.438960680919824	0.523006722316108	0.225928736447011	0.491376436357643	0.378149609565003	0.213444960481422	0.37517705863849	0.326711316077214	0.376066732203032	0.28171020075437	0.313987218369846	0.151094330685358	0.329945112111111	0.282555597311723	0.252999670058299	0.449617275788281
PS_LongChainFA	32.878868065878	13.878198901551	13.8511695177724	17.1605835570449	12.0668792806789	17.4713191948158	16.2410901380052	11.3340392131959	11.8693565902827	15.1343329534619	17.7831750350404	22.1501137580758	12.9662410836526	12.8935927489129	18.8390862497018	19.1292040795397	21.3258994072256	13.3683223275032	13.0657752612846	21.1693466757762	18.9323215425176	13.679050984045	21.2991246554922	18.3469875717417	19.2862684632927	16.9040219613749	16.0730667904964	10.9911558936757	17.7808778534472	14.7172485059925	15.6493366324552	12.0649948563638
PS_MUFA	1.69948276856812	0.941856838441366	0.963054381816884	1.01982582908528	0.872854012023231	0.849495099078652	0.805085422653585	0.72061823488713	0.833135489647141	0.735968759241234	0.820576280707526	1.24640519028181	0.700989840669199	0.906723029131012	1.06977390092546	1.13536007224908	1.31355408547195	0.773127325785948	0.89704921269999	1.20137054020319	1.11057428428325	0.85030778067459	1.21339243391481	1.17999291282864	1.18681625206974	1.0870261317151	0.931180536857952	0.768847852317188	1.03261421502687	0.911297152812041	0.945956250982672	0.678843946149554
PS_MediumChainFA	0.0286802550651236	0.0079843705638811	0.00634977790566591	0.0120917975012476	0.00641759641242453	0.0163674826687308	0.0126997565270005	0.00710067098573617	0.0057945028910191	0.00686833511649352	0.0122852774587423	0.0131696848305023	0.00948917208484673	0.00665333094810159	0.010762856522607	0.0143480626110101	0.0144357655408885	0.0108144220482191	0.0086836555036668	0.0158573266800528	0.0150476630277771	0.00964056646834293	0.0120148933719453	0.0111272741318079	0.00960443250942983	0.0104816330002083	0.0106191486021904	0.00632846453838048	0.013189882757526	0.0100998930511256	0.00928887599650011	0.00740436258253425
PS_PUFA	7.52008871733729	5.15024929544736	5.29474925844086	5.77157393988911	4.77386735572148	7.24606997416249	6.67522202168403	4.97650012862254	4.74509628400892	6.48583318967691	7.09025889591563	6.08920013157261	5.57900275015207	5.15132682567582	5.97969534103717	6.49483766362338	6.0610498784651	5.43983846614366	5.19084620394499	6.6476558308192	6.00472804661289	5.11722398175255	7.73298126573548	6.69025731386487	5.7012480942153	5.97793853078333	5.88084020880996	3.96677362896661	5.68282434154113	5.67459924383332	5.42485497385748	5.17653167120908
PS_PUFA_2	0.646318204908738	0.307675116063714	0.32753274480182	0.503096162773675	0.18862046343626	0.603573477345819	0.491528010509546	0.291202374265695	0.20830466522772	0.518028017800157	0.646346917576694	0.462699824794154	0.425041205596356	0.305962984270852	0.347516302983646	0.498573674551902	0.450871518078501	0.357732972643466	0.285960713918576	0.450347870578976	0.383744219231015	0.406313219028458	0.687692985302975	0.549186886915164	0.397976288583912	0.497724497491157	0.359131495191901	0.28177562259312	0.3300147544934	0.325502922743562	0.477272107437906	0.332389719722349
PS_PUFA_3	1.06468288509538	0.530909739917115	0.566268893404483	0.749244679366268	0.377868240664558	1.05559184422543	0.967423210356061	0.646157976385714	0.389605216238049	0.944294138069027	1.06434795389177	0.863529015517417	0.801829356070489	0.541410814274031	0.77767462279213	0.828299693459767	0.87816623863918	0.763271088992985	0.551219821127079	0.933762607718234	0.794943945876104	0.663865738276789	1.0579914589051	0.883748421324829	0.796310004629762	0.79178383915874	0.648571277748838	0.491707071021286	0.738042257791941	0.608166036544041	0.745844869576958	0.698590063102955
PS_PUFA_4	0.162200320100071	0.117515397087966	0.117516587743563	0.118650530585729	0.0882852415189171	0.112733657857635	0.101092519149745	0.0850851576220017	0.0974483240867983	0.111183306487672	0.11253296591211	0.13256382528164	0.103450903670398	0.113299802511126	0.127286579401179	0.144481524100174	0.14382042694558	0.0930010434711896	0.106491045840871	0.163072237905762	0.145511507414554	0.110275810086664	0.138567843804601	0.143634954564602	0.125053604416102	0.129844707074815	0.121470693675911	0.110338853187732	0.126508283060895	0.114665656120489	0.12604214920686	0.0793341483252868
PS_PUFA_5	0.767289740448751	0.484434469927916	0.502348198551971	0.539621535156057	0.483841354971806	0.669307495311669	0.640955528174894	0.527334696144304	0.449488966671439	0.598881033485318	0.624191208139546	0.687703237396615	0.546018729623492	0.485466809058961	0.678949522569611	0.577734494752698	0.661757234247923	0.547177686186201	0.46958949186627	0.656385834667535	0.557868069225068	0.507855116381723	0.619428189843707	0.614252284448324	0.691658195440281	0.52260756753906	0.538852355157782	0.427774106592615	0.636128186126633	0.525897875516866	0.548995733837226	0.538960217941454
PS_PUFA_6	4.87959756678435	3.70971457245065	3.78108283393902	3.86096103200739	3.63525205512993	4.80486349942194	4.47422275349378	3.42671992420482	3.60024911178491	4.31344669383473	4.6428398503955	3.94270422858279	3.70266255519133	3.70518641556085	4.04826831329061	4.44574827675884	3.92643446055392	3.67865567484981	3.7775851311922	4.44408727994868	4.12266030486615	3.42891409797891	5.22930078787909	4.49943476661195	3.69025000114525	4.03597791951956	4.21281438703552	2.65517797557186	3.85213086006826	4.10036675290836	3.52670011379853	3.52725752211704
PS_SFA	34.2356950774857	13.3016256311293	13.221522018044	16.0564635333411	11.4314808649301	15.8148234195514	14.7684770208434	10.220926045131	11.3770422848276	13.6103812261248	16.1859299868288	22.5655954233568	11.6347366236324	12.1964418078791	18.5629579465014	18.4907324308422	21.813738205499	12.1552360712077	12.0999775169258	20.9850405928509	18.7030618582756	12.6437987587318	20.0570949957771	17.3103818171039	19.4659667822904	15.845065212834	15.1515004550855	10.2321078403711	17.3846364055834	13.7559937168713	14.5534410186808	10.9574424137814
PS_VeryLongChainFA	10.6300364880431	5.54818659474637	5.6641381657622	5.6925452867792	5.04084643209354	6.52124304129577	6.08127403509981	4.68203146597208	5.12890512467497	5.78104377393981	6.36857831804894	7.78918113561429	5.0189052882734	5.39496472205147	6.80772263388984	7.00674330026931	7.8974297224695	5.08108347164096	5.14453926172868	7.69428920559297	6.90602117093929	4.93666509782382	7.71310278092572	6.84988542716789	7.10271478047851	6.01508544150389	5.929698912891	3.97993805956714	6.34605058638242	5.65943711920168	5.27839998784821	4.8185980662344
LIPID_CLASS_Cer	6.1598484447253	1.40137959126679	1.91886836196901	5.97333891244529	0.861021824169241	2.94466471916391	1.23509046284998	2.47989517381362	1.01277965834675	17.6017293960633	13.8898298585792	6.03517724846026	8.89078916479565	1.84545686352027	7.25294275816149	3.94199444391059	4.59874706500895	3.48465578228381	2.52505434049312	6.45938140928023	3.80225977009285	5.68645220106253	16.0342960032122	5.45999327556312	6.12137656552501	6.04148820178707	1.64525065642656	3.48737494708363	5.99802514023995	1.67843111386029	7.69028221639003	3.05641101735202
LIPID_CLASS_ChE	0.00537991479835933	0.00620526247434229	0.00846743052351766	0.0093595964401281	0.00321027496720348	0.00327546124858303	0.000784235640424816	0.00176108727263564	0.0156222129916193	0.00133271138699013	0.00304557738471125	0.00193621974940883	0.00202556952454001	0.00789985245074559	0.0039474673518277	0.100766572269253	0.000907563520766005	0.00375391577555123	0.00674759363440056	0.00693689102010184	0.00729512127889138	0.00303859455597571	0.00560332704289477	0.0137567045715727	0.00679509876267778	0.00419191969360321	0.00707078315053997	0.00218121420696626	0.0122881679731757	0.0062469615906919	0.00550554427616716	0.005793582209901
LIPID_CLASS_DG	17.5786982779994	5.76814858218587	7.04045126732369	19.1475726562718	2.95246186177523	27.5451116170041	11.9657204643198	9.69531551763577	3.98656395683253	60.3249411056252	48.1055492985259	17.216841306027	30.757907516169	6.71104157347307	22.5457272936133	22.9410955606558	21.9629221177148	13.7079360666195	9.44280370503773	33.111033530758	18.3791550323743	21.8226282228537	85.4513424709388	29.6584073794334	19.9386212244842	39.7879557857173	6.9571070372293	13.0986750648303	20.507875573387	6.71600420621845	24.6845611669963	12.038707050795
LIPID_CLASS_Hex1Cer	0.394498672843619	0.264780027517242	0.284390399848947	0.52801290612139	0.242397924730766	0.843335853657895	0.386294165758212	0.283649458311084	0.217817165916967	1.29142201512141	1.09265900990388	0.514804551529042	0.779906547119719	0.281390724185343	0.526082551156763	0.666066797562941	0.667034618340246	0.340621015955386	0.34688950600486	0.650146613801597	0.598101937354212	0.611655109843735	2.43230156484521	0.994875315491506	0.604602581919227	1.21387231201659	0.3107941594804	0.41063338188188	0.532758125162067	0.285196102935408	0.674791859499928	0.290893213170281
LIPID_CLASS_LPC	0.108237653588405	0.0411227263524186	0.0525968129981035	0.0781194084989772	0.050122253550615	0.119429212627807	0.0675133038803137	0.0721703446369524	0.0483429450555747	0.130617225026005	0.109524653812866	0.122685954498551	0.0911052688087498	0.0537305513835932	0.135059604249009	0.112642357026221	0.125480455261869	0.065380524989358	0.0539016030749592	0.129408625391491	0.120469092040988	0.0676756482465475	0.275598173337203	0.17749934786068	0.12575147984919	0.223938221686341	0.0510120685111378	0.0707075346659617	0.141632013017557	0.0522877983355175	0.0853594960323037	0.0671039086553758
LIPID_CLASS_LPE	0.135048770379311	0.060059644607393	0.0631042054335467	0.0879832966120955	0.0627358671501428	0.180942920402479	0.113617007341463	0.120304718323652	0.0584805809013528	0.140600620937534	0.156685875098627	0.138839740861302	0.158045754324156	0.0766932680329273	0.271044562323569	0.143667530638387	0.142300496662651	0.152921165715309	0.0995093644993979	0.138370772995961	0.153746879905402	0.124107131827853	0.225174128003472	0.174699318977841	0.14548607719812	0.162939041789394	0.0945683392189341	0.0922609632717437	0.15050453071901	0.0874965529315967	0.103307890355894	0.123526138497888
LIPID_CLASS_MG	531.275768197908	165.511049866439	226.649178841692	571.440332343048	112.48057490277	752.168653712352	350.736485147541	313.859614605471	145.808521770598	1453.72723994934	977.394917096099	635.457178847045	907.076613291677	283.763834026507	611.250716948116	437.836826175399	486.604246677187	377.213927516693	218.558683523788	437.556835065208	430.002828992397	530.832047725188	1828.40627358941	786.881036086569	631.680548078445	867.511036218817	209.967619502748	361.367258689873	620.289519167468	193.64182067366	534.159300017294	329.946699334938
LIPID_CLASS_PC	12.5736824347901	11.4288063859201	12.1744853896855	12.3825588713631	11.9222257565405	14.3310619161455	13.7552190438088	12.5831010910962	11.1533969208325	14.2417600419494	12.5344407107498	13.3334708269051	12.2575057622268	12.1492836805155	13.3977417513865	13.4086778189584	11.9391955226335	12.2681869943421	13.1126866781548	13.1033018257245	12.8315188734833	11.866447046697	14.5572566113022	13.5002636656363	13.2280306427783	12.1175972830257	13.2144583623829	9.99607201455337	13.378569149766	13.3409257627459	11.4345988034275	12.7649066429822
LIPID_CLASS_PE	4.44530192557489	5.53990922318537	5.77303521448181	5.54946427760475	5.92054850790961	6.71927323857559	6.84147545096678	6.34896410556067	5.39576725305666	6.75978034402096	6.17396083169202	4.99294864903385	6.03571322263034	5.86061205024137	4.96149047045485	5.41658908998847	4.38016399702181	6.13526998926682	6.36779761078642	5.0329333828295	4.62195349271832	5.19944185417679	6.16307873973855	5.636170566418	4.89015019729611	5.01175772660647	6.70217934082327	4.00016548224548	4.65807278798575	6.84280433498746	5.13982560312774	6.36892512453937
LIPID_CLASS_PG	0.481912934259124	0.127819903431681	0.167565671424096	0.455574391296643	0.0737339681101704	0.798013246727774	0.303700165437585	0.210553940198	0.0919873608609114	1.09764031972975	1.0577255907794	0.506322718525237	0.689339966765264	0.15858549215365	0.459762663152524	0.425413151979145	0.54992598804257	0.279098510696454	0.13889691878034	0.434261658016449	0.375234489075757	0.423097566936275	1.79058815090557	0.656842109131463	0.45086936552793	0.829037717643576	0.146079643715983	0.276019910321792	0.474370104165331	0.150822888957557	0.568315131456412	0.271770341164196
LIPID_CLASS_PI	1.19341640892414	1.10168568869971	1.15912120917086	1.08054659040582	1.15573873635127	1.77095761101883	1.76667562285128	1.85600936090194	1.11742652231943	1.83218848904955	1.57990657716544	1.31118111218546	1.66071162912823	1.18431991281654	1.17230594005314	1.1081541988141	1.26683248366846	1.66090780602447	1.2414058853433	1.16010673212801	1.1047404245642	1.06282216250551	1.29819994338163	1.2046850350397	1.32300762653797	1.07066212186844	1.23758408276464	0.922944727115146	1.13623886175991	1.2810354133639	1.06466099700176	1.64104331811765
LIPID_CLASS_PS	21.7687924044931	9.71718493343064	9.76082873072011	11.4326103206627	8.55707165459245	12.0044648593902	11.167531964816	8.01158567507685	8.50202810892433	10.4611225312591	12.0820193152741	14.9762322892603	8.99731777200543	9.14760540095622	12.8287858700571	13.07514772121	14.618882447618	9.23011011059618	9.10949908925845	14.4397466040246	12.9266951882423	9.3126783241686	14.5121211648949	12.6040001365207	13.1992938381403	11.4647945179395	11.0066924259948	7.48871120889061	12.0700591612936	10.1933927591226	10.46851274815	8.44549864259034
LIPID_CLASS_SM	2.1057191871476	0.830567826425814	0.946067335064993	1.03887285013655	0.912363137339328	0.57906320138178	0.504464607212168	0.421918778978481	0.957021680435637	0.628050332598763	0.583251478785309	2.28488258132403	0.49308794690039	0.962680228839665	1.9711934974736	1.58138140825519	2.39438683410321	0.457257490254573	0.848178132457932	2.01068386675352	1.71686223000818	1.05706762139184	2.12952179666066	1.52652061063972	2.28475744075054	1.34367490083287	0.909763036663812	0.860690653606532	2.01234529900644	0.978645660495122	1.24064429414112	0.44128072630951
LIPID_CLASS_TG	6.26390360766997	1.50974829172556	2.00146991749927	8.08295828867709	2.13030783872778	0.987201716411784	0.497913049637623	1.09155657185686	1.73726718256399	1.10509439653255	0.986849509922475	6.41883665559354	0.995743542505718	2.08610564863461	9.9604564654457	64.171205778612	4.74172572044979	1.5093106783046	1.52957543127592	3.01707319334385	8.79808878208956	3.03992565666675	14.6465383301361	11.2728255765519	7.17009645363721	13.362586366234	1.69796478067774	4.05255098371052	15.4305395466579	1.56308044591829	7.66954190690605	1.69689811166019
Hex1Cer_DLinked	0.394498672843619	0.264780027517242	0.284390399848947	0.52801290612139	0.242397924730766	0.843335853657895	0.386294165758212	0.283649458311084	0.217817165916967	1.29142201512141	1.09265900990388	0.514804551529042	0.779906547119719	0.281390724185343	0.526082551156763	0.666066797562941	0.667034618340246	0.340621015955386	0.34688950600486	0.650146613801597	0.598101937354212	0.611655109843735	2.43230156484521	0.994875315491506	0.604602581919227	1.21387231201659	0.3107941594804	0.41063338188188	0.532758125162067	0.285196102935408	0.674791859499928	0.290893213170281
Hex1Cer_LongChainFA	0.417687854048976	0.303027418804991	0.324989010168245	0.538446023659729	0.27863213311732	0.851763593279514	0.39703374292661	0.294298731494151	0.263424146336288	1.30127967199763	1.10116725133392	0.540654192963979	0.790450005563305	0.321984778134289	0.551209441010201	0.679028020784141	0.698568501837578	0.352691162232505	0.38351011901997	0.678156286251382	0.626532800199434	0.623467506858874	2.44566379139265	1.00748918650207	0.633095425887305	1.22461891949636	0.360541704416856	0.424879044558109	0.558437198120878	0.330768489963716	0.686701616515589	0.300874458834976
Hex1Cer_MUFA	0.0856946374068879	0.0897920000972201	0.0927408429519502	0.164840212795168	0.0866162855832319	0.261234220025404	0.118108285044322	0.0868587332805492	0.0799023991745807	0.444878128603256	0.313546423081623	0.15160182090665	0.266146237366259	0.0963237606713385	0.161499195054341	0.200720086630766	0.195356860537704	0.106931678245365	0.115093272080211	0.187764121220368	0.178336169487728	0.206793772978631	0.813999186216169	0.317473631710759	0.188354586305746	0.408245995504209	0.110666566330896	0.131823962111418	0.17275992647273	0.102230038405573	0.215453037611673	0.0930596531087237
Hex1Cer_PUFA	0.371309491638261	0.226532636229492	0.243791789529649	0.517579788583051	0.206163716344212	0.834908114036276	0.375554588589815	0.273000185128017	0.172210185497646	1.28156435824519	1.08415076847383	0.488954910094105	0.769363088676133	0.240796670236398	0.500955661303326	0.65310557434174	0.635500734842914	0.328550869678267	0.31026889298975	0.622136941351813	0.56967107450899	0.599842712828596	2.41893933829778	0.98226144448094	0.57610973795115	1.20312570453682	0.261046614543944	0.396387719205652	0.507079052203256	0.239623715907099	0.662882102484268	0.280911967505587
Hex1Cer_PUFA_6	0.371309491638261	0.226532636229492	0.243791789529649	0.517579788583051	0.206163716344212	0.834908114036276	0.375554588589815	0.273000185128017	0.172210185497646	1.28156435824519	1.08415076847383	0.488954910094105	0.769363088676133	0.240796670236398	0.500955661303326	0.65310557434174	0.635500734842914	0.328550869678267	0.31026889298975	0.622136941351813	0.56967107450899	0.599842712828596	2.41893933829778	0.98226144448094	0.57610973795115	1.20312570453682	0.261046614543944	0.396387719205652	0.507079052203256	0.239623715907099	0.662882102484268	0.280911967505587
Hex1Cer_SFA	0.331993216642088	0.213235418707771	0.232248167216295	0.373605810864561	0.192015847534088	0.59052937325411	0.278925457882288	0.207439998213601	0.183521747161708	0.85640154339437	0.787620828252297	0.389052372057329	0.524303768197045	0.22566101746295	0.389710245955859	0.478307934153375	0.503211641299875	0.24575948398714	0.268416846939759	0.490392165031013	0.448196630711706	0.416673733880243	1.63166460517648	0.690015554791314	0.444740839581559	0.81637292399215	0.24987513808596	0.293055082446691	0.385677271648149	0.228538451558143	0.471248578903916	0.207814805726252
Hex1Cer_VeryLongChainFA	0.371309491638261	0.226532636229492	0.243791789529649	0.517579788583051	0.206163716344212	0.834908114036276	0.375554588589815	0.273000185128017	0.172210185497646	1.28156435824519	1.08415076847383	0.488954910094105	0.769363088676133	0.240796670236398	0.500955661303326	0.65310557434174	0.635500734842914	0.328550869678267	0.31026889298975	0.622136941351813	0.56967107450899	0.599842712828596	2.41893933829778	0.98226144448094	0.57610973795115	1.20312570453682	0.261046614543944	0.396387719205652	0.507079052203256	0.239623715907099	0.662882102484268	0.280911967505587
Cer_DLinked	5.74799208683175	1.33880984568824	1.8287295308747	5.63435610483224	0.805007614993855	2.82578396497846	1.18134410080558	2.38536119189046	0.963469615873066	17.19427394262	13.5841657001632	5.67898372512513	8.58538132396711	1.76302932083854	6.91248432980681	3.50595112726411	4.35103731328512	3.3432607503022	2.42290805989107	6.15509142256782	3.43800582415077	5.43993813745702	15.2940570141336	5.03918090642749	5.82234632241675	5.67477084435548	1.57086860779819	3.27697577411975	5.53219431606214	1.59582643956485	7.37820612826246	2.93502174741227
Cer_LongChainFA	6.1927089751061	1.40849986495613	1.92931348804821	6.0088367955661	0.866022418816611	2.98169706654958	1.25384860421079	2.49795286645641	1.01866895737391	17.6874014148362	13.9651534973813	6.06923167840341	8.94198508085689	1.85630117577286	7.29255514933133	3.97226249164355	4.63127258655978	3.50960528129553	2.53767196222073	6.48247559419402	3.8191646450866	5.72134763668838	16.1026222986115	5.49297525140224	6.15558561189119	6.07051683887187	1.65445255479873	3.50480000561867	6.03645836254784	1.68994796665654	7.73408098545669	3.07450876294295
Cer_MUFA	0.0686284873244248	0.0652797450070926	0.0809481440574408	0.108115720894573	0.0809956533076516	0.0747772342552333	0.0578081871879629	0.0450512536041806	0.063391931434638	0.0975644671035899	0.0842018880784501	0.0709843088084736	0.0655144112980018	0.0782143614623349	0.106396461330758	0.127884618219805	0.0546504925789963	0.0534145479752882	0.0916841091354874	0.0945226764282577	0.107615988955199	0.101448874017225	0.15932676752747	0.133186639986053	0.0753782430662154	0.103065661877354	0.0880114521433108	0.0804709661032179	0.107302239809457	0.0807149453515862	0.108576388773995	0.0574005015910853
Cer_PUFA	0.0216387520213377	0.00535536286977656	0.00690766379631619	0.0177706622254416	0.00217977053762738	0.014905063344346	0.00508698863936758	0.0125517380732023	0.00310917249075814	0.142933337258059	0.118291407251174	0.0185583614217264	0.0681697457470592	0.00655466215384418	0.0179632806059744	0.00125251438494801	0.0141210902364428	0.018271574385746	0.0107213569443392	0.019365931371948	0.00572520757721065	0.0289477927370116	0.0607850542618152	0.0130606615449359	0.02376604172093	0.0155412464253606	0.00538417008649185	0.0111166730410455	0.0124723394622867	0.00695138673476739	0.0193803598812076	0.0179585833016842
Cer_PUFA_3	0.0216387520213377	0.00535536286977656	0.00690766379631619	0.0177706622254416	0.00217977053762738	0.014905063344346	0.00508698863936758	0.0125517380732023	0.00310917249075814	0.142933337258059	0.118291407251174	0.0185583614217264	0.0681697457470592	0.00655466215384418	0.0179632806059744	0.00125251438494801	0.0141210902364428	0.018271574385746	0.0107213569443392	0.019365931371948	0.00572520757721065	0.0289477927370116	0.0607850542618152	0.0130606615449359	0.02376604172093	0.0155412464253606	0.00538417008649185	0.0111166730410455	0.0124723394622867	0.00695138673476739	0.0193803598812076	0.0179585833016842
Cer_SFA	12.2249913406219	2.73058459872446	3.74827686762348	11.815956577681	1.63706326412172	5.79336692595707	2.40254284191131	4.89825078293514	1.9570103137197	34.9571704284143	27.5721280812756	11.9765694820069	17.6435497412344	3.60459432436389	14.3756572745618	7.74871525343179	9.12429874154993	6.89310914516557	4.94542316913627	12.7992972326379	7.4859838894696	11.2374476943926	31.8367494769718	10.7632069781178	12.1394427449074	11.9513970061238	3.19512723180212	6.88084297157407	11.871169643648	3.26671949057624	15.2468783985045	6.03393166341078
Cer_TLinked	0.411856357893553	0.062569745578552	0.0901388310943035	0.338982807613046	0.0560142091753858	0.118880754185451	0.0537463620444012	0.0945339819231636	0.049310042473687	0.407455453443313	0.305664158416054	0.356193523335126	0.305407840828542	0.082427542681725	0.340458428354683	0.436043316646476	0.247709751723828	0.141395031981611	0.102146280602048	0.304289986712402	0.364253945942088	0.246514063605505	0.740238989078569	0.420812369135634	0.299030243108261	0.366717357431586	0.0743820486283665	0.210399172963876	0.465830824177806	0.0826046742954362	0.312076088127564	0.121389269939753
Cer_VeryLongChainFA	6.12698791434451	1.39425931757745	1.90842323588981	5.93784102932447	0.856021229521871	2.90763237177824	1.21633232148916	2.46183748117083	1.0068903593196	17.5160573772904	13.8145062197772	6.00112281851711	8.83959324873441	1.83461255126767	7.21333036699165	3.91172639617762	4.56622154345812	3.4597062832721	2.51243671876551	6.43628722436643	3.7853548950991	5.65155676543667	15.9659697078128	5.42701129972401	6.08716751915884	6.01245956470226	1.63604875805439	3.46994988854858	5.95959191793205	1.66691426106403	7.64648344732337	3.0383132717611
ALL_DLinked	8.22078346898678	2.43070485389158	3.05430941734812	7.19616886937304	1.95538578153891	4.24702600542903	2.07080966564146	3.08934617008256	2.134062856664	19.1125239790652	15.2589421293527	8.45023025717141	9.85691420587778	3.00227942364032	9.39062059493923	5.74103486938954	7.38302318702536	4.13969337527544	3.61366191845935	8.7945213474588	5.73561814752581	7.1033198876392	19.8464760982566	7.5513862977365	8.68156184850842	8.2212175826144	2.78785945955193	4.54195554051436	8.05702339042964	2.85505218374999	9.28574428286409	3.66609728714268
ALL_EtherLinked	2.66599637768524	2.1757815815268	2.2822147267494	1.76214324383222	2.15864288470646	3.62737789974726	3.78781570133843	3.68095949385689	2.13666142922798	3.47509886579007	3.17303595236975	2.69502441250821	3.07886135668292	2.25092708527504	2.86040143487937	2.12749460603837	2.44647255787854	3.51425575275022	2.23281672440254	2.92197589119155	2.49445254309658	1.63750401667915	2.25509721552635	2.0391092769058	2.64243084264053	1.77658519014944	2.5651791806706	1.28627162625334	2.57862455266014	2.5585977153458	1.7058118688195	3.41797342636989
ALL_LongChainFA	652.659544424933	224.24162617981	291.592319745195	683.882034550131	165.608067621041	865.619849326155	426.707413638326	379.60624304855	198.626823138813	1646.93704278126	1140.53461402031	748.073383431136	1023.85248987072	347.300566482583	739.49462469206	685.663835005102	600.66552026727	454.764747691145	288.943008692605	572.848889966009	542.613522684655	631.602878921717	2112.77242675327	931.346046168373	748.360799390475	1034.20440535435	278.446916597937	437.179021467416	754.814581480445	260.417669518512	655.979061886642	403.581368651835
ALL_MUFA	50.2135929835909	24.12561521344	28.9321733952471	52.5736187200446	22.1940861952154	54.5024233087476	33.1801217866186	29.0014286292072	22.2948186294659	94.5215679824825	68.7091891727526	59.0281300851893	59.8818213987511	32.1399669149521	58.1469279027291	117.219913583105	51.2495740513853	33.3410199333563	27.823351401971	44.6152505538207	48.871539652506	44.8717315951427	146.9018471571	74.9548658591166	62.0568279728957	89.1840253701141	28.2117069873955	35.9968185990377	62.3309513588241	26.5364053164028	52.0567355358355	31.8284807492167
ALL_MediumChainFA	0.533430154460947	0.608756550447006	0.603507158705989	0.622907955820214	0.684960689386502	1.26132104172904	1.03536887639009	1.18109333005923	0.597416810584643	1.26637337147785	1.16866498024802	0.539917202976985	1.22983478609584	0.587744441798675	0.562171108102466	0.380162319630323	0.488416431893146	1.05395610659717	0.650103894748502	0.432368356233444	0.394481156464014	0.570460105927431	0.49412575221617	0.42358123551592	0.526281747467828	0.504567161426049	0.699276873918355	0.518662645398963	0.577505250330784	0.710223657113522	0.597376655472375	1.11737221953385
ALL_PUFA	213.323176996431	79.7211382477267	98.5775771618384	221.855219314082	61.2557366011523	264.254538244842	142.792993895749	134.232004471124	73.3010340879504	545.947142970128	374.649047246201	253.038401193402	344.416459080185	120.17921748392	240.771457383476	239.404766980017	185.864883045753	160.401392681282	99.8074731877556	165.528579569979	166.561591308371	200.654913445937	587.892595534054	268.509366974093	263.069155538583	307.622866057296	102.053162016489	143.6893942526	240.38825533324	90.8429273182178	201.862743577348	130.871959542449
ALL_SFA	418.256859705027	136.935645753733	181.874941168282	435.249184109083	98.9451653530694	568.809486116576	269.136656208564	234.633889639949	118.657026899216	1042.42156595172	728.978860793134	463.120530072684	644.572036270903	212.609601732579	470.544098697404	397.606312954429	386.874175660517	280.33899581932	180.130352763796	387.332630400296	352.042534791455	407.404490762518	1425.0749322893	618.530098816737	450.280948049243	667.576946370081	167.161922969217	274.078167867107	483.617795766773	161.965635047246	428.045555971369	260.199676824506
ALL_ShortChainFA	2.47929236298981e-05	3.4402322672766e-05	2.85541354988481e-05	1.96252812864736e-05	1.83636241619941e-05	3.12696165754952e-05	1.96785867522973e-05	2.10349181312806e-05	2.7292502787519e-05	1.22127678919908e-05	1.74421778112813e-05	1.48755582199734e-05	1.5504051351188e-05	3.97228736142546e-05	3.17278585302536e-05	2.90507588358286e-05	1.96220830265017e-05	1.07192026190649e-05	2.73590387019828e-05	4.16716458282266e-05	5.00889612621628e-05	2.02819779131331e-05	2.96116543656508e-05	2.95387701599299e-05	1.58066322115386e-05	3.21415100721421e-05	3.84000664218308e-05	1.32632054912998e-05	4.07788852675193e-05	5.00484056897864e-05	1.12572892613115e-05	1.63628873755022e-05
ALL_TLinked	0.43928283572974	0.0660225913182628	0.0950166795348239	0.344055799330182	0.0603971047004284	0.120037768774561	0.0550395701788966	0.0961172410206299	0.05355564803536	0.408677764718242	0.306798217915698	0.384634124141917	0.306869452937981	0.0872483929049608	0.359598211852618	0.448407780339177	0.277145330427044	0.142840913218336	0.106460060496569	0.325690542376543	0.381605789929442	0.251855044658897	0.749643266461482	0.430002903957857	0.329174739686362	0.377817832022121	0.0779483930188395	0.216743442057678	0.486105173978808	0.0872206935408317	0.319974087166993	0.122487669689137
ALL_VeryLongChainFA	30.5268873688813	17.6578295665975	19.0315287444862	26.536810932013	17.8896468836072	23.6245973444967	20.5216805460552	20.3231492608926	16.7880790703893	37.5889144816183	33.1201106323339	28.7075577857642	26.3572394064701	18.8740758504259	31.7173760413752	69.7925339783475	24.7003381810393	21.2732881732207	19.9808521650657	26.4046621873919	26.3835953776375	22.0578669794681	48.3230949828217	31.7793274327244	28.6631921165113	31.0425409782704	20.327750654704	17.0749387581868	33.0300634150233	20.2836665856151	26.7180345096547	21.1739322190672
SM_DLinked	2.07829270931142	0.827114980686103	0.941189486624473	1.03379985841941	0.907980241814285	0.577906186792671	0.503171399077672	0.420335519881015	0.952776074873964	0.626828021323834	0.582117419285665	2.25644198051724	0.491626334790951	0.95785937861643	1.95205371397566	1.56901694456249	2.36495125539999	0.455811609017847	0.843864352563411	1.98928331108938	1.69951038602083	1.05172664033844	2.12011751927775	1.5173300758175	2.25461294417244	1.33257442624233	0.906196692273339	0.854346384512729	1.99207094920544	0.974029641249726	1.23274629510169	0.440182326560126
SM_LongChainFA	3.4789854671128	1.4096321731539	1.60456966875979	1.69958119815314	1.51142640082751	0.973943099250862	0.852006762749421	0.729215930797532	1.60035029171282	1.05493872231518	0.975072637908536	3.77534456167786	0.834473448361682	1.64440179152804	3.16019726249388	2.37075737636833	3.94386017770097	0.777599214534552	1.44324397626552	3.21519921194828	2.80546316796149	1.73819538289244	3.30790497833829	2.42408479797258	3.78631774436274	2.17844697848285	1.53299327963944	1.41185847929521	3.29186323801607	1.66115281722	1.93261723778364	0.745760984579261
SM_MUFA	1.83138770497149	0.763786732470209	0.864786713779813	0.89856608072655	0.842077201858827	0.544169040628707	0.473640244298405	0.374400739573372	0.890797995143343	0.608334019445511	0.571513212594519	1.98833758411385	0.472322859082842	0.877723617656971	1.77078855835253	1.18151416210991	2.11228508274545	0.423637133869549	0.777746394417043	1.85292475536911	1.55140475839962	0.938306990340009	1.90081556967266	1.31332390598939	1.98693745802712	1.15204657177881	0.864215860880812	0.772082841375672	1.75386454220872	0.919347921703144	1.08959834937215	0.406761575833671
SM_MediumChainFA	0.000861829217899155	0.000702246261002676	0.000758585565848704	0.000860045631352261	0.000722493814014622	0.00234893976394527	0.00144719496114783	0.00141664946908436	0.000679426477353033	0.00299399713457868	0.0026525734645953	0.00103484211473064	0.00235565788578405	0.000747561706360465	0.00129592671533489	0.00105142584596014	0.00154185316756569	0.00131620786635636	0.00049533946029036	0.00166722756495366	0.0018034241440511	0.000914247032398441	0.00120645248206095	0.00125192725819733	0.000997301268647124	0.00152320206358643	0.000661306245466121	0.000641235993550393	0.00175707832598481	0.000717154904829565	0.000813701026595605	0.00130162993460669
SM_PUFA	0.553831487659841	0.204880952908583	0.227045311830129	0.292153097929369	0.206555002038669	0.166209304283538	0.142867748601849	0.123395124698605	0.232283301452225	0.182848060763571	0.169449892818372	0.595473555765995	0.146988180121568	0.227063473231118	0.518860390432679	0.573505111058551	0.630058150842397	0.12863235639949	0.192285797487018	0.510379439857364	0.454258903755276	0.282874986898749	0.571425136777912	0.408463881398959	0.577548767993715	0.368803174530752	0.211219343993189	0.223811492187862	0.582047184527606	0.221493855552514	0.330789841423923	0.123843876686654
SM_PUFA_2	0.0629380111779995	0.0380896664207305	0.0391957862236945	0.0270157957170096	0.0426320389576212	0.0220347477276918	0.0199942164926704	0.0196746933388508	0.0533096611609856	0.0345611623178563	0.0326220525876915	0.0646006556307451	0.0256223377429484	0.0407331197386212	0.0553226040279638	0.0355571066565166	0.0805797937133771	0.0205589777144294	0.0301913566319417	0.0475076519680895	0.0522841896357089	0.0275171874227937	0.0352355425407211	0.0323865473226219	0.0680879690334143	0.0288068932056189	0.0390701915498502	0.0209499706240095	0.0652736479996875	0.0392891539248709	0.0275045886040961	0.019410157325155
SM_PUFA_3	0.318846058165554	0.08203586123868	0.0980482362771599	0.144377156341396	0.079432880739581	0.0677149820202431	0.0591043209127451	0.0391282015460611	0.0837753141312662	0.0779211737524022	0.0709250934206151	0.347510096362857	0.0606844999727088	0.0982992410601806	0.297486366565739	0.186269373140789	0.384573202314092	0.048881613339381	0.086555706751301	0.332170383582593	0.262137378719578	0.158203741679011	0.347192362868026	0.220848676365165	0.335758543193038	0.196182976372784	0.0841468205239446	0.134222517048414	0.29746484831893	0.0888484070243142	0.168389789334896	0.0416934045098023
SM_PUFA_4	0.145792607906538	0.0702073940792411	0.074828453152798	0.101239000214833	0.0650979866958652	0.052120631068208	0.0457593204678777	0.053686476887526	0.0720393975697391	0.0455839304113805	0.0424854065475133	0.154230097228167	0.0402134741566776	0.0734134509335209	0.138515319196872	0.314737259089472	0.133421082778334	0.0456250792643466	0.0627840118517599	0.102110510323192	0.11503933960141	0.0791230979545465	0.165442247100716	0.127234925750242	0.148655793015535	0.118622669161515	0.068894156312394	0.0565918830883252	0.188046010311782	0.0752938580360364	0.112452934613262	0.0504366497853535
SM_PUFA_5	0.0133021623786078	0.0121699262881768	0.0123896652968469	0.00923626040399727	0.0177268019734904	0.00988219138723971	0.00963544477112369	0.00688800545004298	0.0208085510699856	0.0101161130387006	0.0102565776279494	0.013760960214465	0.00796343019277082	0.0118031974702862	0.0165623615904291	0.0254222924216153	0.0153922865686363	0.00813299219511462	0.0104724855696071	0.0137196724475923	0.0121958102452401	0.00784817784152731	0.0101991024439282	0.0106332984541453	0.0124617448687981	0.00956508123092749	0.0167466059708707	0.00498568555213803	0.0180370859040481	0.0158135398240264	0.00868044368821329	0.00815819087898313
SM_PUFA_6	0.0129526480311415	0.00237810488175514	0.0025831708796294	0.0102848852521337	0.00166529367211142	0.0144567520801559	0.00837444595743174	0.00401774747612392	0.00235037752024828	0.0146656812432315	0.013160762634603	0.0153717463297609	0.0125044380564628	0.0028144640285089	0.010973739051675	0.0115190797501578	0.0160917854679585	0.00543369388621848	0.00228223668240834	0.0148712215358974	0.0126021855533395	0.0101827820008707	0.0133558818245214	0.0173604335067841	0.0125847178829292	0.0156255545599065	0.00236156963612897	0.00706143587497553	0.0132255919931586	0.00224889674326616	0.013762085183455	0.00414547418736046
SM_SFA	1.82621918166387	0.692467967472835	0.800302644520045	0.887026521617175	0.776094070781159	0.447748057851315	0.392421221524082	0.346041693684985	0.790962064275707	0.464918584988444	0.425539852157726	1.98595402276822	0.36686485459637	0.820573366791241	1.65273804616199	1.40774354334192	2.04643043461857	0.362245490240106	0.726324073011803	1.65806353828056	1.42806079786146	0.892953265544913	1.78680288687075	1.3312534338911	2.00502865548025	1.16650005535617	0.744090868453623	0.725486973649529	1.68877887127655	0.816449543734585	1.06090039748617	0.351956000098696
SM_TLinked	0.027426477836187	0.00345284573971079	0.00487784844052041	0.00507299171713595	0.00438289552504253	0.0011570145891091	0.00129320813449544	0.0015832590974663	0.00424560556167298	0.00122231127492917	0.00113405949964337	0.0284406008067909	0.00146161210943917	0.00482085022323576	0.019139783497935	0.012364463692701	0.0294355787032166	0.00144588123672511	0.00431377989452129	0.0214005556641412	0.0173518439873536	0.00534098105339121	0.00940427738291328	0.00919053482222263	0.0301444965781009	0.0111004745905345	0.00356634439047293	0.00634426909380225	0.0202743498010024	0.00461601924539541	0.00789799903942953	0.00109839974938409
SM_VeryLongChainFA	0.731591077964502	0.250801233436723	0.286806415804352	0.377304456488599	0.312577380037129	0.181834363748753	0.155475256713766	0.113204977690345	0.313013642681097	0.198167945747769	0.188777746197487	0.793385758855474	0.149346787553313	0.28021110444493	0.780893805737978	0.790954014296091	0.843371637337886	0.135599558108237	0.252616949190056	0.804501293993803	0.626457867910825	0.375025612858832	0.949932162500964	0.627704496048671	0.782199835869695	0.5073796211193	0.285871487442715	0.3088815919243	0.73107028167082	0.295421348865417	0.547857649472011	0.135498838105153
ChE_LongChainFA	0.000849352621292193	0.00105559194666135	0.00147665912198226	0.00348078500238501	0.000499723129354165	0.000112792463736897	4.66397148316067e-05	0.000303929988413125	0.00256419769064239	5.82425004591817e-05	9.29534545035984e-05	0.000320687523141405	0.000214000264367385	0.00134044331873676	0.000762529044611832	0.0262450949932433	9.97527308607359e-05	0.000630496055989456	0.000816335250555083	0.000556919165354009	0.00131991509821762	0.000967407903542408	0.00124265639531714	0.00297363435319633	0.00119716938275842	0.00101520874862125	0.00150576818408515	0.000525566463229846	0.00319765465899456	0.00117148652023397	0.00219292120997038	0.00114087645684517
ChE_PUFA	0.00537991479835933	0.00620526247434229	0.00846743052351766	0.0093595964401281	0.00321027496720348	0.00327546124858303	0.000784235640424816	0.00176108727263564	0.0156222129916193	0.00133271138699013	0.00304557738471125	0.00193621974940883	0.00202556952454001	0.00789985245074559	0.0039474673518277	0.100766572269253	0.000907563520766005	0.00375391577555123	0.00674759363440056	0.00693689102010184	0.00729512127889138	0.00303859455597571	0.00560332704289477	0.0137567045715727	0.00679509876267778	0.00419191969360321	0.00707078315053997	0.00218121420696626	0.0122881679731757	0.0062469615906919	0.00550554427616716	0.005793582209901
ChE_PUFA_5	0.000849352621292193	0.00105559194666135	0.00147665912198226	0.00348078500238501	0.000499723129354165	0.000112792463736897	4.66397148316067e-05	0.000303929988413125	0.00256419769064239	5.82425004591817e-05	9.29534545035984e-05	0.000320687523141405	0.000214000264367385	0.00134044331873676	0.000762529044611832	0.0262450949932433	9.97527308607359e-05	0.000630496055989456	0.000816335250555083	0.000556919165354009	0.00131991509821762	0.000967407903542408	0.00124265639531714	0.00297363435319633	0.00119716938275842	0.00101520874862125	0.00150576818408515	0.000525566463229846	0.00319765465899456	0.00117148652023397	0.00219292120997038	0.00114087645684517
ChE_PUFA_6	0.00453056217706714	0.00514967052768094	0.0069907714015354	0.00587881143774309	0.00271055183784931	0.00316266878484613	0.000737595925593209	0.00145715728422251	0.0130580153009769	0.00127446888653095	0.00295262393020765	0.00161553222626743	0.00181156926017262	0.00655940913200883	0.00318493830721587	0.0745214772760097	0.000807810789905269	0.00312341971956177	0.00593125838384548	0.00637997185474783	0.00597520618067376	0.0020711866524333	0.00436067064757763	0.0107830702183764	0.00559792937991936	0.00317671094498196	0.00556501496645482	0.00165564774373641	0.00909051331418118	0.00507547507045793	0.00331262306619678	0.00465270575305583
ChE_VeryLongChainFA	0.00453056217706714	0.00514967052768094	0.0069907714015354	0.00587881143774309	0.00271055183784931	0.00316266878484613	0.000737595925593209	0.00145715728422251	0.0130580153009769	0.00127446888653095	0.00295262393020765	0.00161553222626743	0.00181156926017262	0.00655940913200883	0.00318493830721587	0.0745214772760097	0.000807810789905269	0.00312341971956177	0.00593125838384548	0.00637997185474783	0.00597520618067376	0.0020711866524333	0.00436067064757763	0.0107830702183764	0.00559792937991936	0.00317671094498196	0.00556501496645482	0.00165564774373641	0.00909051331418118	0.00507547507045793	0.00331262306619678	0.00465270575305583
LPE_LongChainFA	0.049590298838633	0.0180303474002061	0.0221363956773486	0.0215273042882836	0.020164113392931	0.0247495825542799	0.0181239182739398	0.0197897100890261	0.0187612133031549	0.0223068715143685	0.0218184157919325	0.056255290788486	0.0224598871639711	0.0235367331316289	0.074669248630151	0.0297817961209718	0.045330142197511	0.0214442218665702	0.0239903470213181	0.0356164346995936	0.0360538944066489	0.0254528177742423	0.0419302223769207	0.0356745190203733	0.0611892307904061	0.0342511973299462	0.0218771797782958	0.025272274509049	0.0474025086587418	0.0205314051833595	0.0267413150692796	0.0235779116351561
LPE_MUFA	0.00799218743694083	0.00141866240309943	0.00171942750768376	0.00185663288968743	0.00169882549887965	0.00262287097296285	0.00121036676930143	0.00198891763968925	0.00181016745567137	0.00132553172308007	0.00118002862514334	0.00690985876626971	0.00219777696921335	0.00228882315422636	0.00623676424384107	0.00332695492218716	0.00720134671706939	0.00192000964595181	0.00229311657157079	0.00473517368401186	0.00559409370772109	0.00276119527627866	0.00381704672908333	0.00420848610791543	0.0070981683865617	0.00491780268859818	0.00179237841398331	0.00297082379830333	0.00548446374556668	0.00192560653273619	0.0023620182764206	0.0015110444310384
LPE_PUFA	0.096842153564351	0.0450815550057899	0.044365498291224	0.0724407223604505	0.0446033909783182	0.16600032517842	0.102004774067951	0.106240235931915	0.0425728887709997	0.126844489038685	0.14532494676693	0.0945362849796924	0.14680600932484	0.0571382919522958	0.206791252257987	0.119171055551474	0.105875406559141	0.138794047990372	0.0778712170731011	0.108492553259136	0.12433771644985	0.107218366032159	0.191730928120301	0.146822000152345	0.0969783228290393	0.136059790308881	0.0758923479451663	0.0735896135813737	0.116254092950865	0.0695060339075513	0.0867578831082953	0.106712122928056
LPE_PUFA_4	0.00318349527271678	0.000887462242576658	0.0010379982969411	0.00116138139718182	0.000704323261592745	0.00206557795216024	0.00141249668665676	0.00168390196828077	0.000993980235822243	0.00192774473224558	0.00251975011284893	0.0027078676787454	0.0030411935684171	0.00139973289864584	0.00738070302487085	0.0022292551067456	0.00538866627619595	0.00286417368284787	0.00123162830103629	0.00365209525104181	0.00422052203518238	0.00214153044964704	0.00148528165142702	0.0018907226376143	0.00325597517164594	0.00158868067244758	0.000854569999597376	0.00289747322117446	0.002872239521179	0.000690520272906731	0.00208745407791294	0.00156867817337892
LPE_PUFA_5	0.0198502198858173	0.00676882937974653	0.00694119634636858	0.0139553206230383	0.00626429641209113	0.0222021468974455	0.0131173533293057	0.0137414223105519	0.00617608804140157	0.0168006341155722	0.0220651686262966	0.0196805743156425	0.0229757447246836	0.00875905667866528	0.0286101744622821	0.0178554986863162	0.0169849513031456	0.0170067979052421	0.00951125650080643	0.0148673489535616	0.0160105531442844	0.0198791770385797	0.0265003680765251	0.0244813002895796	0.0202444262923159	0.0223468520140861	0.0107454233651191	0.0144875903498254	0.0223759622289541	0.00963933842468191	0.0205865467184866	0.0143996570632655
LPE_PUFA_6	0.0738084384058169	0.0374252633834667	0.0363863036479143	0.0573240203402304	0.0376347713046343	0.141732600328814	0.0874749240519888	0.0908149116530826	0.0354028204937759	0.108116110190867	0.120740028027784	0.0721478429853045	0.120789071031739	0.0469795023749847	0.170800374770834	0.0990863017584126	0.0835017889797994	0.118923076402282	0.0671283322712584	0.0899731090545324	0.104106641270383	0.0851976585439322	0.163745278392349	0.120449977225151	0.0734779213650774	0.112124257622347	0.0642923545804498	0.0562045500103739	0.0910058912007321	0.0591761752099627	0.0640838823118958	0.0907437876914121
LPE_SFA	0.0302144293780192	0.0135594271985036	0.017019279634639	0.0136859413619576	0.0164336506729449	0.0123197242510967	0.0104018665042099	0.0120755647520478	0.0140975246746817	0.0124306001757691	0.0101808997065544	0.0373935971153397	0.0090419680301029	0.0172661529264051	0.0580165458217409	0.0211695201647259	0.0292237433864407	0.0122071080789853	0.019345030854726	0.0251430460528136	0.0238150697478314	0.0141275705194156	0.0296261531540872	0.0236688327175808	0.0414095859825192	0.0219614487919153	0.0168836128597845	0.0157005258920666	0.0287659740225776	0.0160649124913092	0.0141879889711785	0.0153029711387934
LPE_VeryLongChainFA	0.0854584715406781	0.0420292972071869	0.0409678097561981	0.0664559923238119	0.0425717537572118	0.156193337848199	0.0954930890675228	0.100515008234626	0.0397193675981978	0.118293749423165	0.134867459306695	0.0825844500728158	0.135585867160185	0.0531565349012984	0.196375313693418	0.113885734517416	0.0969703544651401	0.131476943848739	0.0755190174780798	0.102754338296368	0.117692985498753	0.0986543140536109	0.183243905626551	0.139024799957468	0.0842968464077141	0.128687844459448	0.0726911594406383	0.0669886887626947	0.103102022060268	0.0669651477482372	0.0765665752866149	0.0999482268627321
